        0.0000000000000000E+00         0.0000000000000000E+00   
        2.0221225232110191E+04         3.4461091762705488E+04   
        6.2060388648695058E+04         6.8628920759174420E+04   
        1.1239902332191978E+05         1.0219327683056169E+05   
        1.6637357032388373E+05         1.3494549290511015E+05   
        2.2235060540025475E+05         1.6707424554636894E+05   
        2.7986525714305905E+05         1.9848660395590976E+05   
        3.3831270451660058E+05         2.2956441930156460E+05   
        3.9731868943447049E+05         2.6027691339049939E+05   
        4.5706402903274790E+05         2.9060621090387873E+05   
        5.1718459428617259E+05         3.2050457070208003E+05   
        5.7787309021148970E+05         3.5011502670120343E+05   
        6.3907767471929535E+05         3.7943688639874739E+05   
        7.0062147674464178E+05         4.0833232679707714E+05   
        7.6265116137841693E+05         4.3688509004671365E+05   
        8.2499140417771379E+05         4.6504219039348786E+05   
        8.8766063284153980E+05         4.9280711284520914E+05   
        9.5067947932259738E+05         5.2005868059416255E+05   
        1.0141727428611942E+06         5.4706431475476606E+05   
        1.0778384449624533E+06         5.7358092754867545E+05   
        1.1419069590344587E+06         5.9974592434056569E+05   
        1.2063102742413981E+06         6.2576178885675734E+05   
        1.2710449697223341E+06         6.5158685547398811E+05   
        1.3359868230590308E+06         6.7724962363545084E+05   
        1.4011888577824314E+06         7.0286962363545178E+05   
        1.4664961503690106E+06         7.2840596365251753E+05   
        1.5321341777723513E+06         7.5383935692710953E+05   
        1.5980490333568947E+06         7.7898569719000859E+05   
        1.6643596601088154E+06         8.0398399325773108E+05   
        1.7307804324116101E+06         8.2884434220560733E+05   
        1.7972131537578402E+06         8.5361692101943947E+05   
        1.8637529946011265E+06         8.7833333958209876E+05   
        1.9303420434197667E+06         9.0279346753874852E+05   
        1.9971229866795761E+06         9.2711995213884150E+05   
        2.0641212575401990E+06         9.5128005586138612E+05   
        2.1313021831382485E+06         9.7520721311637806E+05   
        2.1987161783965947E+06         9.9885198828481836E+05   
        2.2664972730514924E+06         1.0221283278977654E+06   
        2.3345080203785379E+06         1.0452883278977666E+06   
        2.4027095357872280E+06         1.0683625765762706E+06   
        2.4712712000471731E+06         1.0914025765762699E+06   
        2.5398407351698740E+06         1.1143690341460370E+06   
        2.6084826483115018E+06         1.1371940165846746E+06   
        2.6772760515209632E+06         1.1599038037287197E+06   
        2.7462093466158309E+06         1.1825167737942641E+06   
        2.8152784867573692E+06         1.2050248797180064E+06   
        2.8845484363783142E+06         1.2273108073149847E+06   
        2.9540142002072246E+06         1.2494844976581996E+06   
        3.0235121976713743E+06         1.2716244976581999E+06   
        3.0931007102337684E+06         1.2936909734927532E+06   
        3.1627574365449641E+06         1.3156471768607395E+06   
        3.2324553177775978E+06         1.3374147107655758E+06   
        3.3022673791718944E+06         1.3590830543284996E+06   
        3.3720623687009970E+06         1.3806074655183260E+06   
        3.4420580778395752E+06         1.4019273256500475E+06   
        3.5123173316707313E+06         1.4232273256500480E+06   
        3.5824440219614725E+06         1.4443545265585550E+06   
        3.6526093265227801E+06         1.4652347341291299E+06   
        3.7229213625790281E+06         1.4860249856290889E+06   
        3.7934386793048861E+06         1.5067451803817316E+06   
        3.8640428587015290E+06         1.5274390596707482E+06   
        3.9347162250683191E+06         1.5480623300547169E+06   
        4.0056184370196452E+06         1.5685143092137764E+06   
        4.0764787884435365E+06         1.5886936795076819E+06   
        4.1475791420203601E+06         1.6086132808343852E+06   
        4.2190066197619168E+06         1.6283645126304673E+06   
        4.2907292863692027E+06         1.6480445126304694E+06   
        4.3625693958495352E+06         1.6676733420970677E+06   
        4.4345512656131191E+06         1.6872933420970675E+06   
        4.5064658201540466E+06         1.7068568004403601E+06   
        4.5783809370685332E+06         1.7262597535414302E+06   
        4.6504096312523764E+06         1.7456397535414335E+06   
        4.7223971296338430E+06         1.7649387783890730E+06   
        4.7943726665274864E+06         1.7841551421581234E+06   
        4.8664724156373981E+06         1.8033551421581218E+06   
        4.9386483701080605E+06         1.8224681332615942E+06   
        5.0109691783085456E+06         1.8415481332615938E+06   
        5.0832979986849651E+06         1.8605573711874455E+06   
        5.1557486305065695E+06         1.8795173711874455E+06   
        5.2283341229280466E+06         1.8984773711874462E+06   
        5.3010622532993173E+06         1.9174373711874427E+06   
        5.3738206649549436E+06         1.9363545779720913E+06   
        5.4467148861427000E+06         1.9551700047247850E+06   
        5.5197156352387033E+06         1.9738900047247855E+06   
        5.5928105360458558E+06         1.9926100047247857E+06   
        5.6659381336399186E+06         2.0113211567136787E+06   
        5.7389768667249568E+06         2.0298896744361182E+06   
        5.8121229021872832E+06         2.0484056010270726E+06   
        5.8852847029973138E+06         2.0668284653005425E+06   
        5.9585589292424312E+06         2.0850889277504033E+06   
        6.0319511697189389E+06         2.1033289277504007E+06   
        6.1054112386881663E+06         2.1215689277503905E+06   
        6.1789414332881570E+06         2.1398089277503877E+06   
        6.2525704772130484E+06         2.1580000580368089E+06   
        6.3261977627572287E+06         2.1760954564979426E+06   
        6.3998655990308160E+06         2.1940448981398367E+06   
        6.4736704471440949E+06         2.2119404300404694E+06   
        6.5473939122645641E+06         2.2298204300404666E+06   
        6.6211123302769670E+06         2.2477004300404694E+06   
        6.6948630263683591E+06         2.2655804300404694E+06   
        6.7685966269808821E+06         2.2834604300404675E+06   
        6.8424496507821009E+06         2.3013404300404699E+06   
        6.9163195709944330E+06         2.3191748369431901E+06   
        6.9902239072991125E+06         2.3369937494926043E+06   
        7.0642556433153143E+06         2.3547013693579757E+06   
        7.1384391348604402E+06         2.3723184546244941E+06   
        7.2125743845356544E+06         2.3897510291718845E+06   
        7.2869731894349810E+06         2.4071510291718887E+06   
        7.3614276912411880E+06         2.4245462457108055E+06   
        7.4360435468630213E+06         2.4418862457108041E+06   
        7.5107032855043653E+06         2.4591521392940814E+06   
        7.5854110693882182E+06         2.4762309628222068E+06   
        7.6602882462269198E+06         2.4932388497619908E+06   
        7.7351682660159990E+06         2.5101644482954023E+06   
        7.8101956598341567E+06         2.5270844482954037E+06   
        7.8852959746616464E+06         2.5439093764812890E+06   
        7.9604617619754719E+06         2.5606175010508643E+06   
        8.0356544529890046E+06         2.5772012499963255E+06   
        8.1109684693026617E+06         2.5937612499963203E+06   
        8.1863042930794377E+06         2.6103212499963194E+06   
        8.2617430428573955E+06         2.6268812499963259E+06   
        8.3371446562177259E+06         2.6434148493658314E+06   
        8.4124821295973305E+06         2.6598189946077298E+06   
        8.4879276088975146E+06         2.6761989946077317E+06   
        8.5634275836011115E+06         2.6923646909473971E+06   
        8.6390792662039213E+06         2.7084446909474013E+06   
        8.7147796097819041E+06         2.7245114855945404E+06   
        8.7905947878171504E+06         2.7404285491290884E+06   
        8.8664258991145045E+06         2.7562685491290828E+06   
        8.9423664676225409E+06         2.7721079183872198E+06   
        9.0183711564938985E+06         2.7878726363850711E+06   
        9.0944309489526004E+06         2.8035368002697919E+06   
        9.1705647128919046E+06         2.8191667533083959E+06   
        9.2467662231485471E+06         2.8346100728522995E+06   
        9.3229981350085698E+06         2.8499921314080576E+06   
        9.3992807812136617E+06         2.8652724241278986E+06   
        9.4756014615052007E+06         2.8804250266341278E+06   
        9.5518766293427162E+06         2.8954414078683397E+06   
        9.6282151431551985E+06         2.9104374100693553E+06   
        9.7047454963432495E+06         2.9253770149583509E+06   
        9.7814207189827599E+06         2.9402570149583491E+06   
        9.8582253312043324E+06         2.9550661745622312E+06   
        9.9350641018553972E+06         2.9697061745622344E+06   
        1.0011889060477868E+07         2.9843461745622405E+06   
        1.0088778355925430E+07         2.9989544275090010E+06   
        1.0165575375428829E+07         3.0133214780289126E+06   
        1.0242575466679772E+07         3.0276614780289126E+06   
        1.0319684682768317E+07         3.0420014780289107E+06   
        1.0396843757317031E+07         3.0563414780289088E+06   
        1.0473998428307233E+07         3.0706379083567634E+06   
        1.0551080796462199E+07         3.0848442631931691E+06   
        1.0628174441196937E+07         3.0989442631931771E+06   
        1.0705413032194106E+07         3.1130098209141935E+06   
        1.0782735526963351E+07         3.1270498209141940E+06   
        1.0860216679697361E+07         3.1410606385096768E+06   
        1.0937662571296969E+07         3.1549742698560371E+06   
        1.1015144642126704E+07         3.1688299669851353E+06   
        1.1092669591197791E+07         3.1826262374048689E+06   
        1.1170248816137204E+07         3.1963662374048685E+06   
        1.1247972272886408E+07         3.2101062374048722E+06   
        1.1325819151423432E+07         3.2238379607010549E+06   
        1.1403617176573288E+07         3.2375020036433600E+06   
        1.1481482476031149E+07         3.2510925521171517E+06   
        1.1559364274502216E+07         3.2646525521171526E+06   
        1.1637255769704800E+07         3.2782023539378042E+06   
        1.1715228138329383E+07         3.2916911823138623E+06   
        1.1793238320593799E+07         3.3051311823138599E+06   
        1.1871245796417406E+07         3.3185711823138581E+06   
        1.1949323998997286E+07         3.3320111823138585E+06   
        1.2027468710752003E+07         3.3453804943764131E+06   
        1.2105577795187069E+07         3.3586113444691808E+06   
        1.2183794889049178E+07         3.3717141029499690E+06   
        1.2262182895212686E+07         3.3847452322695092E+06   
        1.2340586816630989E+07         3.3977052322695116E+06   
        1.2418971840748500E+07         3.4106652322695083E+06   
        1.2497432024382332E+07         3.4236007542952364E+06   
        1.2575981872314222E+07         3.4364256649091961E+06   
        1.2654632031464880E+07         3.4491766060059890E+06   
        1.2733359688495098E+07         3.4618966060059820E+06   
        1.2812199537514139E+07         3.4746166060059806E+06   
        1.2891063065642428E+07         3.4872932612856408E+06   
        1.2969954181050034E+07         3.4999532612856408E+06   
        1.3048833719968466E+07         3.5126017708164183E+06   
        1.3127687683402564E+07         3.5252017708164235E+06   
        1.3206624716423575E+07         3.5378017708164225E+06   
        1.3285680826886367E+07         3.5503563158166627E+06   
        1.3364822924191326E+07         3.5628534180502715E+06   
        1.3443993869407250E+07         3.5753334180502724E+06   
        1.3523217446540277E+07         3.5878115818444188E+06   
        1.3602379891618336E+07         3.6001934876328185E+06   
        1.3681586963394672E+07         3.6125471891869940E+06   
        1.3760876833559744E+07         3.6248471891869972E+06   
        1.3840147260233592E+07         3.6371471891869912E+06   
        1.3919348985233165E+07         3.6493978654327779E+06   
        1.3998639715006132E+07         3.6616005648349426E+06   
        1.4078081592887131E+07         3.6737205648349412E+06   
        1.4157580812257687E+07         3.6858359557829890E+06   
        1.4237058723475436E+07         3.6978959557829858E+06   
        1.4316572865007335E+07         3.7099559557829848E+06   
        1.4396174035852032E+07         3.7219960239667101E+06   
        1.4475850951456558E+07         3.7339394428144568E+06   
        1.4555528147421911E+07         3.7458194428144512E+06   
        1.4635209046680100E+07         3.7576994428144586E+06   
        1.4714824743716042E+07         3.7695455614143563E+06   
        1.4794540270965919E+07         3.7812459432241172E+06   
        1.4874448587603217E+07         3.7928859432241176E+06   
        1.4954367864395093E+07         3.8045059092284190E+06   
        1.5034290383905686E+07         3.8160859092284213E+06   
        1.5114250700888999E+07         3.8276210630706223E+06   
        1.5194213984509649E+07         3.8391410630706167E+06   
        1.5274120431145119E+07         3.8506610630706088E+06   
        1.5354052721012587E+07         3.8621143252690062E+06   
        1.5433991776067838E+07         3.8735143252690011E+06   
        1.5513919245969281E+07         3.8849143252690048E+06   
        1.5593826315068163E+07         3.8962577104244097E+06   
        1.5673755317293294E+07         3.9075977104244074E+06   
        1.5753802155471237E+07         3.9189377104243953E+06   
        1.5833842797964185E+07         3.9302777104243874E+06   
        1.5913978828955861E+07         3.9416177104243874E+06   
        1.5994080514194923E+07         3.9529577104243920E+06   
        1.6074222827666784E+07         3.9642977104243906E+06   
        1.6154385532526726E+07         3.9756377104243953E+06   
        1.6234561102401841E+07         3.9869777104243934E+06   
        1.6314782826496422E+07         3.9983177104243846E+06   
        1.6395028977305526E+07         4.0096577104243822E+06   
        1.6475250680171270E+07         4.0209977104243757E+06   
        1.6555413876830064E+07         4.0322797464079978E+06   
        1.6635613322014265E+07         4.0434684524209537E+06   
        1.6715756468901660E+07         4.0545190742345783E+06   
        1.6795933080744091E+07         4.0654990742345811E+06   
        1.6876214728576250E+07         4.0764790742345890E+06   
        1.6956497599574327E+07         4.0874590742345862E+06   
        1.7036809282158107E+07         4.0984159782966673E+06   
        1.7117153203925129E+07         4.1092778103182176E+06   
        1.7197637465612281E+07         4.1200767230391260E+06   
        1.7278261069068629E+07         4.1307567230391209E+06   
        1.7358989200224534E+07         4.1414367230391242E+06   
        1.7439749945632149E+07         4.1521167230391218E+06   
        1.7520597306396030E+07         4.1627967230391195E+06   
        1.7601510893568370E+07         4.1734767230391232E+06   
        1.7682392727693398E+07         4.1841567230391190E+06   
        1.7763275496493950E+07         4.1948367230391186E+06   
        1.7844156744206779E+07         4.2055167230391195E+06   
        1.7925015351171777E+07         4.2161967230391074E+06   
        1.8005796585352503E+07         4.2268767230391223E+06   
        1.8086561579023302E+07         4.2375567230391223E+06   
        1.8167327704230238E+07         4.2482367230391251E+06   
        1.8248107816529214E+07         4.2589167230391325E+06   
        1.8328931738106649E+07         4.2695967230391279E+06   
        1.8409757470452823E+07         4.2802767230391176E+06   
        1.8490578590377364E+07         4.2909567230391204E+06   
        1.8571459766955655E+07         4.3016367230391074E+06   
        1.8652341397071339E+07         4.3123167230391009E+06   
        1.8733301210808557E+07         4.3229967230391093E+06   
        1.8814265490197565E+07         4.3336767230391158E+06   
        1.8895163929942269E+07         4.3443260666807014E+06   
        1.8976061250256661E+07         4.3549460666806921E+06   
        1.9057012289503597E+07         4.3655660666806931E+06   
        1.9137955903758910E+07         4.3760586764363712E+06   
        1.9219041930590533E+07         4.3864986764363740E+06   
        1.9300162683104839E+07         4.3969386764363674E+06   
        1.9381271339487460E+07         4.4073328854324771E+06   
        1.9462369376759902E+07         4.4176373462979617E+06   
        1.9543573473559834E+07         4.4278973462979663E+06   
        1.9624820546671178E+07         4.4381573462979635E+06   
        1.9706079959488101E+07         4.4484173462979663E+06   
        1.9787419852195419E+07         4.4586773462979738E+06   
        1.9868737954717301E+07         4.4689373462979803E+06   
        1.9950096667559601E+07         4.4791915443280535E+06   
        2.0031406865217537E+07         4.4893915443280572E+06   
        2.0112806608861558E+07         4.4995721410664739E+06   
        2.0194286061707865E+07         4.5096693267642194E+06   
        2.0275772239781648E+07         4.5197493267642185E+06   
        2.0357250237053744E+07         4.5298293267642204E+06   
        2.0438752994812652E+07         4.5399093267642157E+06   
        2.0520243466224845E+07         4.5499400239940342E+06   
        2.0601648915746644E+07         4.5599000239940435E+06   
        2.0683157106363915E+07         4.5698600239940370E+06   
        2.0764761118595872E+07         4.5797094520030757E+06   
        2.0846424759726278E+07         4.5894894520030711E+06   
        2.0928145069067080E+07         4.5992313192144977E+06   
        2.1009911282058969E+07         4.6089364731636979E+06   
        2.1091635565725345E+07         4.6185964731637109E+06   
        2.1173410650264535E+07         4.6282564731637118E+06   
        2.1255193265930004E+07         4.6379164731637277E+06   
        2.1337024276989892E+07         4.6475546513591111E+06   
        2.1418842742714513E+07         4.6571546513591204E+06   
        2.1500696824991588E+07         4.6667546513591185E+06   
        2.1582586484367087E+07         4.6763264698439091E+06   
        2.1664506786580175E+07         4.6858664698439138E+06   
        2.1746406389631182E+07         4.6953354789141985E+06   
        2.1828411341775063E+07         4.7046954789142050E+06   
        2.1910530795368113E+07         4.7140554789142096E+06   
        2.1992709904777668E+07         4.7234154789142087E+06   
        2.2074957101991128E+07         4.7327754789142152E+06   
        2.2157218797791362E+07         4.7421354789142320E+06   
        2.2239449232834160E+07         4.7514398344202600E+06   
        2.2321711528901234E+07         4.7607398344202675E+06   
        2.2404001214676779E+07         4.7700311512381062E+06   
        2.2486407487331346E+07         4.7792463929761983E+06   
        2.2568901047403309E+07         4.7884147103915280E+06   
        2.2651547670333296E+07         4.7975347103915457E+06   
        2.2734312620961782E+07         4.8066461769339424E+06   
        2.2817125820037860E+07         4.8157061769339396E+06   
        2.2899920707278639E+07         4.8247572786728507E+06   
        2.2982677218430873E+07         4.8337572786728805E+06   
        2.3065398309796166E+07         4.8427572786728926E+06   
        2.3148118402863365E+07         4.8517165310282288E+06   
        2.3230836080630485E+07         4.8606565310282260E+06   
        2.3313664977698732E+07         4.8695924877422042E+06   
        2.3396465823235188E+07         4.8784724877422042E+06   
        2.3479268058875054E+07         4.8873171740872338E+06   
        2.3562068625601899E+07         4.8961371740872329E+06   
        2.3644869276428219E+07         4.9049571740872357E+06   
        2.3727625747836869E+07         4.9137771740872338E+06   
        2.3810366699077256E+07         4.9225922390242172E+06   
        2.3893158325033963E+07         4.9313522390242256E+06   
        2.3976052170620121E+07         4.9401030252661044E+06   
        2.4058879366866298E+07         4.9488030252661044E+06   
        2.4141729350121107E+07         4.9575030252661146E+06   
        2.4224585253601547E+07         4.9661961750492938E+06   
        2.4307386021873478E+07         4.9748361750492863E+06   
        2.4390187276896462E+07         4.9834761750492789E+06   
        2.4472967042877737E+07         4.9921161750492780E+06   
        2.4555867988113988E+07         5.0007561750492789E+06   
        2.4638849523521155E+07         5.0093961750492929E+06   
        2.4721831225510161E+07         5.0180361750493078E+06   
        2.4804815225440033E+07         5.0266761750493227E+06   
        2.4887735645372298E+07         5.0353161750493171E+06   
        2.4970656348726537E+07         5.0439561750493282E+06   
        2.5053577624198101E+07         5.0525961750493338E+06   
        2.5136498762858789E+07         5.0612353674329342E+06   
        2.5219390792492643E+07         5.0698153674329482E+06   
        2.5302371828037649E+07         5.0783495156381428E+06   
        2.5385381394625533E+07         5.0868695156381596E+06   
        2.5468422091813523E+07         5.0953895156381717E+06   
        2.5551488710242044E+07         5.1039095156381698E+06   
        2.5634638029720146E+07         5.1124295156381689E+06   
        2.5717711520144019E+07         5.1209495156381605E+06   
        2.5800770444078848E+07         5.1294336578608202E+06   
        2.5883847959407695E+07         5.1378936578608211E+06   
        2.5966896619873948E+07         5.1463536578608239E+06   
        2.6050023479791451E+07         5.1548136578608425E+06   
        2.6133205985479284E+07         5.1632736578608584E+06   
        2.6216427800738472E+07         5.1717336578608686E+06   
        2.6299593859626744E+07         5.1800723193275686E+06   
        2.6382768412090510E+07         5.1883523193275770E+06   
        2.6465931641242478E+07         5.1966323193275984E+06   
        2.6549100727480557E+07         5.2049123193275882E+06   
        2.6632271330639645E+07         5.2131808172386978E+06   
        2.6715478103013799E+07         5.2214008172386969E+06   
        2.6798735799660735E+07         5.2295773574902732E+06   
        2.6882082806642506E+07         5.2377209498089217E+06   
        2.6965487757508252E+07         5.2458209498089468E+06   
        2.7048915945688229E+07         5.2539209498089496E+06   
        2.7132318373557895E+07         5.2620209498089533E+06   
        2.7215722816277754E+07         5.2701209498089636E+06   
        2.7299124055660736E+07         5.2782209498089803E+06   
        2.7382485398683000E+07         5.2862442417519744E+06   
        2.7465902469682772E+07         5.2941946916362140E+06   
        2.7549410150570448E+07         5.3021146916362355E+06   
        2.7633050464704767E+07         5.3100346916362504E+06   
        2.7716690965179034E+07         5.3179546916362578E+06   
        2.7800332482035302E+07         5.3258746916362615E+06   
        2.7883972792328238E+07         5.3337946916362625E+06   
        2.7967563083337788E+07         5.3417146916362727E+06   
        2.8051143973039161E+07         5.3496346916362923E+06   
        2.8134725674006402E+07         5.3575546916363062E+06   
        2.8218316103335317E+07         5.3654746916363388E+06   
        2.8301896883255512E+07         5.3733946916363556E+06   
        2.8385514121355977E+07         5.3813146916363761E+06   
        2.8469166912570748E+07         5.3892213507661214E+06   
        2.8552807894217145E+07         5.3970813507661344E+06   
        2.8636486106795333E+07         5.4049413507661559E+06   
        2.8720162005100586E+07         5.4128013507661875E+06   
        2.8803752096708156E+07         5.4206075140553629E+06   
        2.8887409302976970E+07         5.4284075140553918E+06   
        2.8971092983681530E+07         5.4362075140554216E+06   
        2.9054766366071247E+07         5.4440075140554439E+06   
        2.9138437309728783E+07         5.4517573867490776E+06   
        2.9222174481263217E+07         5.4594887816994004E+06   
        2.9305920482543405E+07         5.4671687816993929E+06   
        2.9389825139272515E+07         5.4748487816993687E+06   
        2.9473652478834253E+07         5.4825287816993762E+06   
        2.9557473689083122E+07         5.4902087816993855E+06   
        2.9641241520041298E+07         5.4978887816993678E+06   
        2.9724982042515662E+07         5.5055471046352424E+06   
        2.9808770083533850E+07         5.5131088598762080E+06   
        2.9892606311859854E+07         5.5206688598761819E+06   
        2.9976482788011175E+07         5.5282288598761652E+06   
        3.0060384390089285E+07         5.5357888598761419E+06   
        3.0144295689453978E+07         5.5433054427276794E+06   
        3.0228265807359546E+07         5.5508054427276505E+06   
        3.0312270322881538E+07         5.5582807521553608E+06   
        3.0396330742377494E+07         5.5657207521553328E+06   
        3.0480344207097717E+07         5.5731607521553338E+06   
        3.0564353719053835E+07         5.5806007521553095E+06   
        3.0648366260159496E+07         5.5880407521552742E+06   
        3.0732368002824780E+07         5.5954807521552527E+06   
        3.0816368397222459E+07         5.6029207521552388E+06   
        3.0900331723343842E+07         5.6103110090354597E+06   
        3.0984382733706810E+07         5.6176910090354476E+06   
        3.1068443593394253E+07         5.6250710090354420E+06   
        3.1152523543840591E+07         5.6324421961289002E+06   
        3.1236593769927382E+07         5.6397621961288936E+06   
        3.1320655757805992E+07         5.6470821961288676E+06   
        3.1404663441263415E+07         5.6544021961288704E+06   
        3.1488702253538057E+07         5.6617221961288610E+06   
        3.1572758313733403E+07         5.6690374143593535E+06   
        3.1656787991171990E+07         5.6762974143593451E+06   
        3.1740794352942634E+07         5.6835574143593265E+06   
        3.1824760333369363E+07         5.6908174143593209E+06   
        3.1908708309128478E+07         5.6980774143593023E+06   
        3.1992713869942505E+07         5.7053374143592827E+06   
        3.2076731191057235E+07         5.7125974143592631E+06   
        3.2160833851923320E+07         5.7197551262012534E+06   
        3.2244954084906690E+07         5.7268951262012385E+06   
        3.2329076331148934E+07         5.7340351262012227E+06   
        3.2413267621557962E+07         5.7411751262012087E+06   
        3.2497448337683577E+07         5.7483151262011807E+06   
        3.2581653456119981E+07         5.7554551262011565E+06   
        3.2665874260727875E+07         5.7625743872094052E+06   
        3.2750089149030283E+07         5.7696543872093838E+06   
        3.2834332945550855E+07         5.7767343872093773E+06   
        3.2918623053320069E+07         5.7838143872093773E+06   
        3.3002923890033789E+07         5.7908943872093484E+06   
        3.3087224317800343E+07         5.7979743872093204E+06   
        3.3171524778717000E+07         5.8050543872093139E+06   
        3.3255794773235451E+07         5.8121208440824961E+06   
        3.3339975797595579E+07         5.8191408440824952E+06   
        3.3424354965511844E+07         5.8261608440824877E+06   
        3.3508791912478164E+07         5.8331808440824756E+06   
        3.3593198039284781E+07         5.8401241994643612E+06   
        3.3677644088845372E+07         5.8470241994643528E+06   
        3.3762151569523886E+07         5.8539241994643500E+06   
        3.3846699735391341E+07         5.8608241994643416E+06   
        3.3931242269645199E+07         5.8676653279614374E+06   
        3.4015789440798536E+07         5.8744651929136869E+06   
        3.4100357573801503E+07         5.8812451929136552E+06   
        3.4185006817519113E+07         5.8880251929136561E+06   
        3.4269674147939801E+07         5.8948051929136636E+06   
        3.4354367188593559E+07         5.9015267160375938E+06   
        3.4439088151620232E+07         5.9082467160375835E+06   
        3.4523810228550866E+07         5.9149667160375789E+06   
        3.4608533282713167E+07         5.9216867160375593E+06   
        3.4693254370823652E+07         5.9284067160375612E+06   
        3.4778004966339268E+07         5.9351267160375630E+06   
        3.4862780881222613E+07         5.9417909588652831E+06   
        3.4947563634014256E+07         5.9484509588652896E+06   
        3.5032360083472669E+07         5.9551109588652933E+06   
        3.5117140313292943E+07         5.9617709588652747E+06   
        3.5201922313373141E+07         5.9684309588652644E+06   
        3.5286711370890632E+07         5.9750573320561824E+06   
        3.5371532602527641E+07         5.9816573320561694E+06   
        3.5456381064381555E+07         5.9882435240428727E+06   
        3.5541221469638005E+07         5.9947512933563804E+06   
        3.5626073200843416E+07         6.0012312933563627E+06   
        3.5710946969826587E+07         6.0077112933563590E+06   
        3.5795859125014938E+07         6.0141912933563497E+06   
        3.5880819931529842E+07         6.0206712933563562E+06   
        3.5965782371118270E+07         6.0271512933563469E+06   
        3.6050742651943922E+07         6.0336068315486126E+06   
        3.6135702882084996E+07         6.0400268315486070E+06   
        3.6220672873968385E+07         6.0464468315486070E+06   
        3.6305703373136573E+07         6.0528381235364499E+06   
        3.6390785879211590E+07         6.0591981235364359E+06   
        3.6475867891927660E+07         6.0655581235364312E+06   
        3.6560948130771674E+07         6.0719181235364340E+06   
        3.6646031232192114E+07         6.0782781235364135E+06   
        3.6731101399541661E+07         6.0846265760192396E+06   
        3.6816075133444659E+07         6.0909265760192377E+06   
        3.6901126366503567E+07         6.0971706368263829E+06   
        3.6986247378484674E+07         6.1034106368263634E+06   
        3.7071419211016223E+07         6.1096059957467094E+06   
        3.7156681167666890E+07         6.1157859957466852E+06   
        3.7241911471176542E+07         6.1219659957466647E+06   
        3.7327172763229154E+07         6.1281459957466545E+06   
        3.7412481922323301E+07         6.1343259957466563E+06   
        3.7497801049751699E+07         6.1404667892117221E+06   
        3.7583133128309965E+07         6.1465619760826305E+06   
        3.7668412085246168E+07         6.1526129701155266E+06   
        3.7753756398873381E+07         6.1586129701155173E+06   
        3.7839164188057676E+07         6.1645683759205928E+06   
        3.7924604555389605E+07         6.1705083759205984E+06   
        3.8010051406735875E+07         6.1764442693556547E+06   
        3.8095552357835673E+07         6.1823242693556705E+06   
        3.8181014599012412E+07         6.1881504564931244E+06   
        3.8266408231159784E+07         6.1939704564931095E+06   
        3.8351826071966633E+07         6.1997904564931048E+06   
        3.8437275561225325E+07         6.2056104564931197E+06   
        3.8522770975424401E+07         6.2114304564931253E+06   
        3.8608284030244507E+07         6.2172504564931151E+06   
        3.8693890602690473E+07         6.2230704564931244E+06   
        3.8779523118194245E+07         6.2288904564931048E+06   
        3.8865264318187416E+07         6.2347104564930964E+06   
        3.8951004492549516E+07         6.2405304564930955E+06   
        3.9036745095681429E+07         6.2463504564930964E+06   
        3.9122404151640117E+07         6.2521704564931029E+06   
        3.9208050828343391E+07         6.2579385058618952E+06   
        3.9293763848988689E+07         6.2636515901766606E+06   
        3.9379503460416876E+07         6.2693491177290119E+06   
        3.9465243345184259E+07         6.2749891177290073E+06   
        3.9551083765196189E+07         6.2805590953414310E+06   
        3.9636944054062426E+07         6.2860790953414245E+06   
        3.9722814785490878E+07         6.2915662810402419E+06   
        3.9808679624933802E+07         6.2970262810402261E+06   
        3.9894551937440015E+07         6.3024274309089910E+06   
        3.9980428989471652E+07         6.3077674309089752E+06   
        4.0066349389714755E+07         6.3131074309089743E+06   
        4.0152303479232349E+07         6.3184474309089631E+06   
        4.0238344552960761E+07         6.3237874309089575E+06   
        4.0324384635613315E+07         6.3291274309089445E+06   
        4.0410469774784744E+07         6.3344674309089482E+06   
        4.0496569946302794E+07         6.3398074309089333E+06   
        4.0582670241935782E+07         6.3451474309089174E+06   
        4.0668763160192534E+07         6.3504874309089249E+06   
        4.0754803321880437E+07         6.3558274309089258E+06   
        4.0840848360408738E+07         6.3611674309089072E+06   
        4.0926889437675320E+07         6.3665074309088914E+06   
        4.1012961819108360E+07         6.3718028361072391E+06   
        4.1099034283210941E+07         6.3770542078343378E+06   
        4.1185103215647511E+07         6.3822742078343239E+06   
        4.1271208366675682E+07         6.3874942078343164E+06   
        4.1357362728388228E+07         6.3927142078343108E+06   
        4.1443501153064847E+07         6.3979342078343071E+06   
        4.1529661592258222E+07         6.4031542078342959E+06   
        4.1615822591550045E+07         6.4083742078343006E+06   
        4.1701982848449849E+07         6.4135942078342885E+06   
        4.1788139140200734E+07         6.4188142078342652E+06   
        4.1874320234260447E+07         6.4240342078342540E+06   
        4.1960540726073287E+07         6.4292542078342438E+06   
        4.2046728908774562E+07         6.4344742078342354E+06   
        4.2132889559488870E+07         6.4396942078342307E+06   
        4.2219058804016382E+07         6.4449142078342084E+06   
        4.2305279485214233E+07         6.4501342078341953E+06   
        4.2391499696060635E+07         6.4553542078341758E+06   
        4.2477735266167022E+07         6.4605742078341711E+06   
        4.2564015449106053E+07         6.4657942078341525E+06   
        4.2650295639059573E+07         6.4710142078341460E+06   
        4.2736542435269557E+07         6.4762342078341469E+06   
        4.2822753922763914E+07         6.4814194145592470E+06   
        4.2909036344149977E+07         6.4865794145592432E+06   
        4.2995303263539694E+07         6.4917394145592330E+06   
        4.3081535316752084E+07         6.4968994145592190E+06   
        4.3167790434267573E+07         6.5020594145592125E+06   
        4.3254038053763673E+07         6.5072194145592013E+06   
        4.3340259208329171E+07         6.5123794145591818E+06   
        4.3426480051191583E+07         6.5175394145591883E+06   
        4.3512738090861835E+07         6.5226994145591687E+06   
        4.3598929903623067E+07         6.5278594145591650E+06   
        4.3685082935017645E+07         6.5330194145591659E+06   
        4.3771197849562787E+07         6.5381794145591743E+06   
        4.3857298089405119E+07         6.5433394145591622E+06   
        4.3943398343852960E+07         6.5484994145591557E+06   
        4.4029501751057349E+07         6.5536594145591706E+06   
        4.4115606148089997E+07         6.5588194145591622E+06   
        4.4201696188270248E+07         6.5639407988249436E+06   
        4.4287861721218213E+07         6.5689807988249417E+06   
        4.4374027659581646E+07         6.5740014150991701E+06   
        4.4460198304607853E+07         6.5789814150991729E+06   
        4.4546463573347315E+07         6.5839614150991738E+06   
        4.4632744918936655E+07         6.5889414150991840E+06   
        4.4719081342117280E+07         6.5939214150992064E+06   
        4.4805422086246356E+07         6.5989014150992120E+06   
        4.4891751078298457E+07         6.6038814150992101E+06   
        4.4978035091656849E+07         6.6088614150992148E+06   
        4.5064339221473120E+07         6.6138414150992250E+06   
        4.5150733438951746E+07         6.6188214150992148E+06   
        4.5237133646798581E+07         6.6238014150992129E+06   
        4.5323533884969376E+07         6.6287814150992250E+06   
        4.5409934065295286E+07         6.6337614150992446E+06   
        4.5496334929547362E+07         6.6387414150992557E+06   
        4.5582715327109925E+07         6.6437214150992697E+06   
        4.5669055849813789E+07         6.6487014150992846E+06   
        4.5755401826187722E+07         6.6536814150993004E+06   
        4.5841802063319683E+07         6.6586614150993200E+06   
        4.5928202482920222E+07         6.6636414150993237E+06   
        4.6014578670480266E+07         6.6686116068261750E+06   
        4.6100914325608842E+07         6.6735316068261815E+06   
        4.6187255032480948E+07         6.6784516068261806E+06   
        4.6273597025743902E+07         6.6833716068261806E+06   
        4.6359940036643952E+07         6.6882916068261899E+06   
        4.6446282587597817E+07         6.6932116068262011E+06   
        4.6532623546271324E+07         6.6981316068262113E+06   
        4.6618963743699677E+07         6.7030516068262300E+06   
        4.6705304495225333E+07         6.7079716068262206E+06   
        4.6791645066432983E+07         6.7128916068262169E+06   
        4.6877999439982720E+07         6.7178116068262216E+06   
        4.6964452694219813E+07         6.7227316068262309E+06   
        4.7050901616430797E+07         6.7276516068262439E+06   
        4.7137313474914312E+07         6.7325716068262579E+06   
        4.7223792310346991E+07         6.7374916068262644E+06   
        4.7310313041963272E+07         6.7424116068262672E+06   
        4.7396834314000897E+07         6.7473316068262812E+06   
        4.7483354860046551E+07         6.7522516068262942E+06   
        4.7569878523374483E+07         6.7571716068263138E+06   
        4.7656398775502875E+07         6.7620916068263287E+06   
        4.7742919581806995E+07         6.7670116068263212E+06   
        4.7829440355881840E+07         6.7719316068263296E+06   
        4.7915960683329135E+07         6.7768516068263398E+06   
        4.8002481357816666E+07         6.7817716068263315E+06   
        4.8088977977092624E+07         6.7866916068263333E+06   
        4.8175451399923131E+07         6.7916116068263585E+06   
        4.8261971715296395E+07         6.7965316068263631E+06   
        4.8348496022931047E+07         6.8014516068263678E+06   
        4.8435017820848547E+07         6.8063716068263669E+06   
        4.8521548272874214E+07         6.8112916068263818E+06   
        4.8608084087763906E+07         6.8162116068263883E+06   
        4.8694608004211247E+07         6.8211316068263892E+06   
        4.8781134523195252E+07         6.8260516068264032E+06   
        4.8867657834104910E+07         6.8309716068264069E+06   
        4.8954178481293082E+07         6.8358916068264125E+06   
        4.9040699020192638E+07         6.8408116068264013E+06   
        4.9127220321511187E+07         6.8457316068264218E+06   
        4.9213768278834939E+07         6.8506516068264320E+06   
        4.9300288901658282E+07         6.8555716068264330E+06   
        4.9386809283116922E+07         6.8604916068264479E+06   
        4.9473314709244929E+07         6.8653523507147655E+06   
        4.9559844981490508E+07         6.8701760489473846E+06   
        4.9646433021499619E+07         6.8749760489473809E+06   
        4.9733096841577984E+07         6.8797679882665295E+06   
        4.9819848563750327E+07         6.8845079882665146E+06   
        4.9906583662127003E+07         6.8892226172467722E+06   
        4.9993283818810984E+07         6.8939026172467861E+06   
        5.0079984954165407E+07         6.8985826172467954E+06   
        5.0166726501708314E+07         6.9032626172468020E+06   
        5.0253433218707837E+07         6.9079426172468066E+06   
        5.0340193670799606E+07         6.9126226172468066E+06   
        5.0426962163721025E+07         6.9173026172468159E+06   
        5.0513784788999215E+07         6.9219826172468094E+06   
        5.0600611719232582E+07         6.9266436270773401E+06   
        5.0687493435239591E+07         6.9312636270773355E+06   
        5.0774381990691893E+07         6.9358836270773280E+06   
        5.0861318387665689E+07         6.9404622960583353E+06   
        5.0948258904376373E+07         6.9450222960583419E+06   
        5.1035241977798849E+07         6.9495822960583549E+06   
        5.1122247165079176E+07         6.9541422960583614E+06   
        5.1209238039790615E+07         6.9586646502095424E+06   
        5.1296238192984760E+07         6.9631646502095480E+06   
        5.1383241051371738E+07         6.9676646502095545E+06   
        5.1470266658255354E+07         6.9721646502095740E+06   
        5.1557339424574696E+07         6.9766646502095787E+06   
        5.1644408177753761E+07         6.9811646502095871E+06   
        5.1731468241406858E+07         6.9856646502095945E+06   
        5.1818528738628253E+07         6.9901646502095992E+06   
        5.1905589360632822E+07         6.9946646502096141E+06   
        5.1992649514174141E+07         6.9991646502096299E+06   
        5.2079709851960756E+07         7.0036646502096476E+06   
        5.2166770182412982E+07         7.0081646502096532E+06   
        5.2253830447769895E+07         7.0126646502096793E+06   
        5.2340906659532495E+07         7.0171453828411903E+06   
        5.2427989306009151E+07         7.0215853828412145E+06   
        5.2515140530489385E+07         7.0260253828412201E+06   
        5.2602320749606468E+07         7.0304653828412378E+06   
        5.2689500896613725E+07         7.0349053828412564E+06   
        5.2776681516115807E+07         7.0393453828412686E+06   
        5.2863862132205740E+07         7.0437853828412704E+06   
        5.2951043657563917E+07         7.0482253828412797E+06   
        5.3038193645534337E+07         7.0526653828413058E+06   
        5.3125373753742225E+07         7.0571053828413188E+06   
        5.3212554050775148E+07         7.0615453828413328E+06   
        5.3299735312266313E+07         7.0659853828413449E+06   
        5.3386919989025466E+07         7.0704253828413421E+06   
        5.3474160532527097E+07         7.0748653828413477E+06   
        5.3561400743838124E+07         7.0793053828413486E+06   
        5.3648636616200849E+07         7.0837453828413589E+06   
        5.3735854363874964E+07         7.0881853828413533E+06   
        5.3823094490219891E+07         7.0926253828413533E+06   
        5.3910349494046830E+07         7.0970653828413524E+06   
        5.3997651806434199E+07         7.1015053828413524E+06   
        5.4084919394485652E+07         7.1059253674214911E+06   
        5.4172159637148879E+07         7.1103053674215022E+06   
        5.4259400244323529E+07         7.1146853674215237E+06   
        5.4346642667611822E+07         7.1190653674215367E+06   
        5.4433882785622500E+07         7.1234453674215497E+06   
        5.4521126086381264E+07         7.1278253674215749E+06   
        5.4608366371224672E+07         7.1322053674215898E+06   
        5.4695606800196446E+07         7.1365853674216019E+06   
        5.4782847014327519E+07         7.1409457293003257E+06   
        5.4870087725482918E+07         7.1452657293003388E+06   
        5.4957330544728458E+07         7.1495857293003658E+06   
        5.5044578689163126E+07         7.1539057293003704E+06   
        5.5131878845136479E+07         7.1582257293003853E+06   
        5.5219182763527863E+07         7.1625457293004049E+06   
        5.5306435550304562E+07         7.1668657293004012E+06   
        5.5393683903311342E+07         7.1711857293004161E+06   
        5.5480901194668859E+07         7.1754826051613893E+06   
        5.5568121139809281E+07         7.1797426051614145E+06   
        5.5655421583916552E+07         7.1840026051614331E+06   
        5.5742721841712311E+07         7.1882626051614499E+06   
        5.5830024505586304E+07         7.1925226051614666E+06   
        5.5917324806584403E+07         7.1967826051614825E+06   
        5.6004584017482124E+07         7.2010426051615104E+06   
        5.6091873662043050E+07         7.2053026051615328E+06   
        5.6179171238195993E+07         7.2095562209632052E+06   
        5.6266427019024990E+07         7.2137562209632136E+06   
        5.6353746233267836E+07         7.2179027575341705E+06   
        5.6441166906844638E+07         7.2220427575341947E+06   
        5.6528587083409987E+07         7.2261827575342050E+06   
        5.6616007892659664E+07         7.2303227575342152E+06   
        5.6703424896608889E+07         7.2344177204145622E+06   
        5.6790849845559061E+07         7.2384977204145947E+06   
        5.6878388218717106E+07         7.2425777204146190E+06   
        5.6965928602273397E+07         7.2466577204146348E+06   
        5.7053495253647089E+07         7.2507377204146534E+06   
        5.7141035907961994E+07         7.2548177204146683E+06   
        5.7228615728215605E+07         7.2588977204146897E+06   
        5.7316162353122614E+07         7.2629777204146935E+06   
        5.7403703533654064E+07         7.2670577204147149E+06   
        5.7491243781329885E+07         7.2711377204147149E+06   
        5.7578786083881423E+07         7.2752177204147158E+06   
        5.7666259094639316E+07         7.2792977204147484E+06   
        5.7753739222509876E+07         7.2833777204147624E+06   
        5.7841225106081173E+07         7.2874577204147847E+06   
        5.7928765801138356E+07         7.2915377204147959E+06   
        5.8016306965949811E+07         7.2956177204148099E+06   
        5.8103849094093859E+07         7.2996977204148443E+06   
        5.8191334179243892E+07         7.3037777204148686E+06   
        5.8278777367528558E+07         7.3078199895327529E+06   
        5.8366217499687716E+07         7.3118399895327818E+06   
        5.8453758592464164E+07         7.3158599895328050E+06   
        5.8541307992187344E+07         7.3198799895328274E+06   
        5.8628913084531382E+07         7.3238999895328563E+06   
        5.8716550705389597E+07         7.3279199895328796E+06   
        5.8804136047970049E+07         7.3319399895328861E+06   
        5.8891674650271490E+07         7.3359599895328963E+06   
        5.8979140702316590E+07         7.3399566966064870E+06   
        5.9066652094150253E+07         7.3439166966065178E+06   
        5.9154193410994448E+07         7.3478766966065457E+06   
        5.9241684027611978E+07         7.3518366966065764E+06   
        5.9329168671318114E+07         7.3557966966066053E+06   
        5.9416709504874602E+07         7.3597566966066435E+06   
        5.9504325095799938E+07         7.3636850138696162E+06   
        5.9592026367381126E+07         7.3675850138696330E+06   
        5.9679747099216960E+07         7.3714850138696777E+06   
        5.9767509793270946E+07         7.3753850138697270E+06   
        5.9855259350611739E+07         7.3792850138697689E+06   
        5.9942989133856028E+07         7.3831850138698192E+06   
        6.0030709948838867E+07         7.3870850138698686E+06   
        6.0118400323850110E+07         7.3909850138699077E+06   
        6.0206025954392791E+07         7.3948850138699515E+06   
        6.0293726920128427E+07         7.3987850138699869E+06   
        6.0381470730653629E+07         7.4026657049050368E+06   
        6.0469252060863793E+07         7.4065057049050266E+06   
        6.0557033214501657E+07         7.4103457049050201E+06   
        6.0644813475214094E+07         7.4141857049050257E+06   
        6.0732641053831533E+07         7.4180257049050070E+06   
        6.0820423903248519E+07         7.4218657049049642E+06   
        6.0908150417737871E+07         7.4257057049049726E+06   
        6.0995900961615480E+07         7.4295457049049586E+06   
        6.1083672572031178E+07         7.4333403322077552E+06   
        6.1171453605402023E+07         7.4371203322077133E+06   
        6.1259234776659891E+07         7.4409003322076853E+06   
        6.1347056141121298E+07         7.4446342039119136E+06   
        6.1434823196291961E+07         7.4483542039118893E+06   
        6.1522625240059413E+07         7.4520742039118791E+06   
        6.1610465329074562E+07         7.4557942039118595E+06   
        6.1698305451600678E+07         7.4595142039118335E+06   
        6.1786145624819830E+07         7.4632342039118120E+06   
        6.1873986437675148E+07         7.4669542039117739E+06   
        6.1961854034995943E+07         7.4706742039117347E+06   
        6.2049701874915451E+07         7.4743942039117198E+06   
        6.2137570557731770E+07         7.4781142039116882E+06   
        6.2225471868238814E+07         7.4818342039116574E+06   
        6.2313321772517160E+07         7.4855542039116360E+06   
        6.2401162015222996E+07         7.4892742039116099E+06   
        6.2488990405227676E+07         7.4929942039115774E+06   
        6.2576796005306907E+07         7.4967142039115373E+06   
        6.2664653330666974E+07         7.5004342039115103E+06   
        6.2752553598553501E+07         7.5041542039114721E+06   
        6.2840490093636565E+07         7.5078742039114339E+06   
        6.2928450178387031E+07         7.5115942039114200E+06   
        6.3016410340006575E+07         7.5153142039113808E+06   
        6.3104370455042534E+07         7.5190342039113501E+06   
        6.3192384001201853E+07         7.5227542039113194E+06   
        6.3280353271798745E+07         7.5264742039113045E+06   
        6.3368313899404876E+07         7.5301942039112849E+06   
        6.3456257987883262E+07         7.5338982067332268E+06   
        6.3544172441238910E+07         7.5375582067332026E+06   
        6.3632162770023189E+07         7.5412182067331923E+06   
        6.3720165850192674E+07         7.5448782067331672E+06   
        6.3808126427563876E+07         7.5485382067331402E+06   
        6.3896114511630177E+07         7.5521982067331104E+06   
        6.3984046192337066E+07         7.5558582067330964E+06   
        6.4071946695956729E+07         7.5595182067330731E+06   
        6.4159847045129962E+07         7.5631782067330442E+06   
        6.4247765233336017E+07         7.5668382067330191E+06   
        6.4335665410325184E+07         7.5704982067329772E+06   
        6.4423565772226050E+07         7.5741582067329576E+06   
        6.4511466440761141E+07         7.5778182067329288E+06   
        6.4599366552582406E+07         7.5814782067328990E+06   
        6.4687283584868692E+07         7.5851382067328552E+06   
        6.4775346511407606E+07         7.5887409903059667E+06   
        6.4863426604554921E+07         7.5923409903059481E+06   
        6.4951507168349937E+07         7.5959409903059267E+06   
        6.5039587354916550E+07         7.5995409903059090E+06   
        6.5127678584780432E+07         7.6031409903058894E+06   
        6.5215819506694540E+07         7.6067409903058596E+06   
        6.5303959911171481E+07         7.6103409903058317E+06   
        6.5392100061219454E+07         7.6139409903058140E+06   
        6.5480240149343200E+07         7.6175409903057860E+06   
        6.5568332982327782E+07         7.6211409903057646E+06   
        6.5656375544085845E+07         7.6247409903057581E+06   
        6.5744381135528073E+07         7.6283409903057367E+06   
        6.5832392056088842E+07         7.6319409903057162E+06   
        6.5920412456440002E+07         7.6355409903057041E+06   
        6.6008429254457243E+07         7.6391409903056687E+06   
        6.6096389410375468E+07         7.6427409903056575E+06   
        6.6184350479948074E+07         7.6463409903056305E+06   
        6.6272310980358325E+07         7.6499409903056212E+06   
        6.6360271124432869E+07         7.6535409903056137E+06   
        6.6448231354828201E+07         7.6571409903055867E+06   
        6.6536191542637929E+07         7.6607409903055467E+06   
        6.6624120166747190E+07         7.6643094609920913E+06   
        6.6712065226916812E+07         7.6678494609920746E+06   
        6.6800025544488825E+07         7.6713894609920625E+06   
        6.6887985641146362E+07         7.6749294609920429E+06   
        6.6975945744806677E+07         7.6784694609920336E+06   
        6.7063926254881389E+07         7.6819784334936757E+06   
        6.7151989123833448E+07         7.6854584334936682E+06   
        6.7240046427460521E+07         7.6889384334936412E+06   
        6.7328094487889975E+07         7.6924184334936226E+06   
        6.7416175081849083E+07         7.6958984334936235E+06   
        6.7504255758508399E+07         7.6993784334936170E+06   
        6.7592336538616702E+07         7.7028584334936067E+06   
        6.7680417409176067E+07         7.7063384334935872E+06   
        6.7768460682644799E+07         7.7098184334936040E+06   
        6.7856538574532673E+07         7.7132984334935769E+06   
        6.7944619051883668E+07         7.7167784334935816E+06   
        6.8032699590424985E+07         7.7202584334935751E+06   
        6.8120779671455771E+07         7.7237384334935583E+06   
        6.8208860035316616E+07         7.7272184334935425E+06   
        6.8296940763875023E+07         7.7306984334935397E+06   
        6.8385020876515225E+07         7.7341784334935332E+06   
        6.8473097979056895E+07         7.7376553307001172E+06   
        6.8561118183780491E+07         7.7410753307001041E+06   
        6.8649162090598583E+07         7.7444953307000985E+06   
        6.8737242291995898E+07         7.7479153307000790E+06   
        6.8825322716356918E+07         7.7513353307000697E+06   
        6.8913403198069811E+07         7.7547553307000482E+06   
        6.9001483492820904E+07         7.7581753307000287E+06   
        6.9089564346840829E+07         7.7615953307000017E+06   
        6.9177592274052858E+07         7.7650153306999719E+06   
        6.9265620758759201E+07         7.7684353306999356E+06   
        6.9353700889302507E+07         7.7718553306999151E+06   
        6.9441781628818884E+07         7.7752753306998946E+06   
        6.9529861757747531E+07         7.7786953306998862E+06   
        6.9617942502659112E+07         7.7821153306998592E+06   
        6.9706022894478425E+07         7.7855353306998508E+06   
        6.9794103697660446E+07         7.7889553306998368E+06   
        6.9882184050322354E+07         7.7923753306998303E+06   
        6.9970264375294849E+07         7.7957953306998136E+06   
        7.0058296943134382E+07         7.7992153306997912E+06   
        7.0146306955254391E+07         7.8026353306997903E+06   
        7.0234327041479573E+07         7.8060553306997800E+06   
        7.0322360767188638E+07         7.8094753306997530E+06   
        7.0410441420958132E+07         7.8128953306997567E+06   
        7.0498521485139653E+07         7.8163153306997502E+06   
        7.0586601624280438E+07         7.8197353306997139E+06   
        7.0674683858455092E+07         7.8231553306997055E+06   
        7.0762764475553438E+07         7.8265753306997037E+06   
        7.0850845796669766E+07         7.8299953306996999E+06   
        7.0938935484908625E+07         7.8334153306996962E+06   
        7.1027079356753543E+07         7.8368353306996804E+06   
        7.1115219596853808E+07         7.8402553306996683E+06   
        7.1203359739341170E+07         7.8436753306996459E+06   
        7.1291499958162531E+07         7.8470953306996245E+06   
        7.1379618600589335E+07         7.8504938346304931E+06   
        7.1467745057317570E+07         7.8538538346304689E+06   
        7.1555939845735893E+07         7.8572138346304493E+06   
        7.1644092626141205E+07         7.8605738346304363E+06   
        7.1732233341751367E+07         7.8639338346304242E+06   
        7.1820373861071169E+07         7.8672938346304130E+06   
        7.1908514478803501E+07         7.8706538346304093E+06   
        7.1996684644366592E+07         7.8740138346304065E+06   
        7.2084867237195253E+07         7.8773738346303953E+06   
        7.2173007880428895E+07         7.8807338346303860E+06   
        7.2261148332057253E+07         7.8840938346303925E+06   
        7.2349288710888639E+07         7.8874538346303711E+06   
        7.2437429008320957E+07         7.8908138346303599E+06   
        7.2525569337916330E+07         7.8941738346303552E+06   
        7.2613709962967351E+07         7.8975338346303273E+06   
        7.2701800027272299E+07         7.9008432396670086E+06   
        7.2789926803032756E+07         7.9041432396669956E+06   
        7.2878066933811724E+07         7.9074432396669853E+06   
        7.2966245395615712E+07         7.9107432396669621E+06   
        7.3054402162058264E+07         7.9140432396669658E+06   
        7.3142533303905457E+07         7.9173432396669658E+06   
        7.3230628153612509E+07         7.9206432396669490E+06   
        7.3318768790763482E+07         7.9239432396669323E+06   
        7.3406908890020028E+07         7.9272432396669351E+06   
        7.3495049233704045E+07         7.9305432396669108E+06   
        7.3583172058849245E+07         7.9338432396669025E+06   
        7.3671253327546909E+07         7.9371432396668997E+06   
        7.3759366271700665E+07         7.9404432396668829E+06   
        7.3847506539236024E+07         7.9437432396668680E+06   
        7.3935646781988680E+07         7.9470432396668801E+06   
        7.4023787349008635E+07         7.9503432396668522E+06   
        7.4111927622696757E+07         7.9536432396668307E+06   
        7.4200019831944004E+07         7.9569432396668214E+06   
        7.4288100494759768E+07         7.9602432396668103E+06   
        7.4376180657600477E+07         7.9635432396668056E+06   
        7.4464181190075561E+07         7.9668432396667833E+06   
        7.4552141518130168E+07         7.9701432396667562E+06   
        7.4640101837656826E+07         7.9734432396667413E+06   
        7.4728003655922547E+07         7.9767432396667274E+06   
        7.4815945137771338E+07         7.9800432396667274E+06   
        7.4903865186580062E+07         7.9833432396667199E+06   
        7.4991765368445083E+07         7.9866432396667013E+06   
        7.5079666934919730E+07         7.9899432396666892E+06   
        7.5167567969518974E+07         7.9932432396666650E+06   
        7.5255468700892404E+07         7.9965432396666436E+06   
        7.5343351605231002E+07         7.9998432396666296E+06   
        7.5431192925022647E+07         8.0031432396666212E+06   
        7.5519077538247615E+07         8.0064432396666119E+06   
        7.5606977758717924E+07         8.0097432396666026E+06   
        7.5694878047687784E+07         8.0130432396665765E+06   
        7.5782798110727116E+07         8.0163432396665737E+06   
        7.5870758939652860E+07         8.0196432396665625E+06   
        7.5958726327200964E+07         8.0229432396665700E+06   
        7.6046747651188284E+07         8.0262432396665690E+06   
        7.6134767806883022E+07         8.0295432396665616E+06   
        7.6222787925430909E+07         8.0328432396665495E+06   
        7.6310853028755799E+07         8.0361432396665355E+06   
        7.6398933267512858E+07         8.0394432396665281E+06   
        7.6487019884111300E+07         8.0427432396664992E+06   
        7.6575100611831829E+07         8.0460432396664936E+06   
        7.6663182549996018E+07         8.0493432396664787E+06   
        7.6751262870822996E+07         8.0526432396664610E+06   
        7.6839343478329465E+07         8.0559432396664442E+06   
        7.6927470905888021E+07         8.0592432396664210E+06   
        7.7015612390474200E+07         8.0625432396664014E+06   
        7.7103752669899136E+07         8.0658432396663688E+06   
        7.7191888834387332E+07         8.0691393069625404E+06   
        7.7280009293594569E+07         8.0723793069625357E+06   
        7.7368175852980271E+07         8.0756193069625245E+06   
        7.7456436003459319E+07         8.0788593069625199E+06   
        7.7544660112565041E+07         8.0820993069625031E+06   
        7.7632808787609681E+07         8.0853393069625013E+06   
        7.7720965785200000E+07         8.0885606477440270E+06   
        7.7809166156529039E+07         8.0917406477440158E+06   
        7.7897383926966071E+07         8.0949206477440093E+06   
        7.7985645686775863E+07         8.0981006477439869E+06   
        7.8073902698775023E+07         8.1012416619375469E+06   
        7.8162162904182643E+07         8.1043616619375274E+06   
        7.8250420949943990E+07         8.1074816619375115E+06   
        7.8338681397404790E+07         8.1106016619374761E+06   
        7.8426941524872705E+07         8.1137216619374445E+06   
        7.8515202162324294E+07         8.1168416619374249E+06   
        7.8603480826398358E+07         8.1199616619374240E+06   
        7.8691801125694737E+07         8.1230816619374035E+06   
        7.8780121336153090E+07         8.1262016619373821E+06   
        7.8868441413923860E+07         8.1293216619373728E+06   
        7.8956761599341586E+07         8.1324416619373625E+06   
        7.9045082153300136E+07         8.1355616619373392E+06   
        7.9133431417432889E+07         8.1386816619373290E+06   
        7.9221847177046254E+07         8.1418010757643394E+06   
        7.9310157712295383E+07         8.1448610757643459E+06   
        7.9398478092294425E+07         8.1479210757643543E+06   
        7.9486798363347322E+07         8.1509810757643441E+06   
        7.9575118548665449E+07         8.1540410757643376E+06   
        7.9663439114875704E+07         8.1571010757643264E+06   
        7.9751760242145628E+07         8.1601610757643282E+06   
        7.9840080995123744E+07         8.1632210757643301E+06   
        7.9928401719198003E+07         8.1662810757643143E+06   
        8.0016722014936090E+07         8.1693410757643022E+06   
        8.0105042537241399E+07         8.1724010757642873E+06   
        8.0193362921984419E+07         8.1754610757642891E+06   
        8.0281683346066222E+07         8.1785210757642752E+06   
        8.0370003706133768E+07         8.1815810757642761E+06   
        8.0458323870343447E+07         8.1846410757642537E+06   
        8.0546644283152625E+07         8.1877010757642649E+06   
        8.0634964546409413E+07         8.1907610757642686E+06   
        8.0723285220007166E+07         8.1938210757642649E+06   
        8.0811606682247594E+07         8.1968810757642789E+06   
        8.0899927096329510E+07         8.1999410757642658E+06   
        8.0988248774478465E+07         8.2030010757642742E+06   
        8.1076569252361298E+07         8.2060610757642752E+06   
        8.1164890426106378E+07         8.2091210757642714E+06   
        8.1253233097382903E+07         8.2121458567131655E+06   
        8.1341671667232856E+07         8.2151041388164759E+06   
        8.1430112621346235E+07         8.2180441388164731E+06   
        8.1518568968232185E+07         8.2209841388164591E+06   
        8.1607081114178911E+07         8.2238856689046789E+06   
        8.1695593042266041E+07         8.2267656689046714E+06   
        8.1784190042679772E+07         8.2296456689046677E+06   
        8.1872810390215203E+07         8.2325256689046733E+06   
        8.1961431731731668E+07         8.2354056689046612E+06   
        8.2050055813205406E+07         8.2382856689046482E+06   
        8.2138676248198450E+07         8.2411656689046370E+06   
        8.2227296907810971E+07         8.2440456689046305E+06   
        8.2315917079207495E+07         8.2469256689046267E+06   
        8.2404537550557062E+07         8.2498056689046305E+06   
        8.2493158230630413E+07         8.2526856689046221E+06   
        8.2581823705845237E+07         8.2555656689046239E+06   
        8.2670492543339700E+07         8.2584456689046249E+06   
        8.2759172704962507E+07         8.2613256689046258E+06   
        8.2847853380529925E+07         8.2642056689046416E+06   
        8.2936533634152681E+07         8.2670856689046398E+06   
        8.3025213829030097E+07         8.2699656689046370E+06   
        8.3113893976080582E+07         8.2728456689046398E+06   

