        0.0000000000000000E+00         0.0000000000000000E+00   
        1.1707926579464774E+00         2.8800000000000006E+02   
        5.0266872174529755E+00         5.7599999999999955E+02   
        1.0941458336429786E+01         8.6400000000000148E+02   
        1.7587674881163323E+01         1.1519999999999993E+03   
        2.5772749958383212E+01         1.4399999999999980E+03   
        3.4811651307047214E+01         1.7279999999999989E+03   
        4.6178657782987038E+01         2.0159999999999993E+03   
        6.0174125709091122E+01         2.3040000000000032E+03   
        7.5692811819466257E+01         2.5919999999999909E+03   
        9.2202574505696347E+01         2.8799999999999977E+03   
        1.1093525779248665E+02         3.1679999999999945E+03   
        1.3057474431938476E+02         3.4559999999999923E+03   
        1.5116930962993663E+02         3.7439999999999982E+03   
        1.7499537374058141E+02         4.0320000000000041E+03   
        1.9995817494447698E+02         4.3200000000000045E+03   
        2.2697187467058325E+02         4.6079999999999927E+03   
        2.5620719195858300E+02         4.8959999999999882E+03   
        2.8699643513174135E+02         5.1839999999999891E+03   
        3.1953584978033996E+02         5.4719999999999764E+03   
        3.5458795410394862E+02         5.7599999999999654E+03   
        3.9272249177588185E+02         6.0479999999999673E+03   
        4.3299210260889311E+02         6.3359999999999727E+03   
        4.7528881288392614E+02         6.6239999999999727E+03   
        5.1930664611361135E+02         6.9119999999999764E+03   
        5.6732047367858422E+02         7.1999999999999727E+03   
        6.1671657961679728E+02         7.4879999999999618E+03   
        6.6876131221857861E+02         7.7759999999999573E+03   
        7.2313425061255521E+02         8.0639999999999800E+03   
        7.7990008930815225E+02         8.3519999999999818E+03   
        8.4021928467857083E+02         8.6399999999999582E+03   
        9.0184913809128295E+02         8.9279999999999764E+03   
        9.6517005516882625E+02         9.2159999999999800E+03   
        1.0301967659751069E+03         9.5039999999999618E+03   
        1.0976948001659086E+03         9.7919999999999636E+03   
        1.1672911652767505E+03         1.0079999999999960E+04   
        1.2385898324831160E+03         1.0367999999999971E+04   
        1.3128237602659624E+03         1.0655999999999962E+04   
        1.3890090631301418E+03         1.0943999999999995E+04   
        1.4666392347432898E+03         1.1231999999999956E+04   
        1.5457099239446734E+03         1.1519999999999975E+04   
        1.6272474299418275E+03         1.1807999999999958E+04   
        1.7101878131285162E+03         1.2095701424176619E+04   
        1.7945375866092193E+03         1.2383201424176608E+04   
        1.8796809100085804E+03         1.2670701424176606E+04   
        1.9670888914216200E+03         1.2957793951631724E+04   
        2.0552695158387683E+03         1.3244793951631724E+04   
        2.1442560179671968E+03         1.3531564194044424E+04   
        2.2349814141510378E+03         1.3818064194044431E+04   
        2.3266596960475290E+03         1.4104564194044406E+04   
        2.4195641648561964E+03         1.4391064194044402E+04   
        2.5145309719396955E+03         1.4677564194044417E+04   
        2.6110017544340772E+03         1.4964064194044433E+04   
        2.7086097454900705E+03         1.5250564194044422E+04   
        2.8065757434935745E+03         1.5536612167583429E+04   
        2.9056530874955820E+03         1.5822612167583431E+04   
        3.0059267389780803E+03         1.6108612167583444E+04   
        3.1072993233655261E+03         1.6394612167583429E+04   
        3.2091617145967830E+03         1.6680612167583407E+04   
        3.3126928518891941E+03         1.6966612167583386E+04   
        3.4177203251273090E+03         1.7252321566916351E+04   
        3.5241153685337722E+03         1.7537821566916376E+04   
        3.6311153685337749E+03         1.7823321566916347E+04   
        3.7391201791524563E+03         1.8108821566916336E+04   
        3.8487073248476518E+03         1.8394321566916333E+04   
        3.9588320741376210E+03         1.8679411291747601E+04   
        4.0696693132936894E+03         1.8964197390563382E+04   
        4.1806444951133990E+03         1.9248560507338720E+04   
        4.2929979208684717E+03         1.9532560507338712E+04   
        4.4066789992343374E+03         1.9816560507338752E+04   
        4.5218241005662931E+03         2.0100560507338771E+04   
        4.6385228241462100E+03         2.0384560507338741E+04   
        4.7570282201504433E+03         2.0668560507338763E+04   
        4.8775093973296980E+03         2.0952560507338752E+04   
        4.9986741322901007E+03         2.1236560507338727E+04   
        5.1210490202593328E+03         2.1520560507338709E+04   
        5.2446399768233896E+03         2.1804558520679595E+04   
        5.3690154079703052E+03         2.2087995965948361E+04   
        5.4947890956745969E+03         2.2370995965948383E+04   
        5.6218384045314751E+03         2.2653499242737613E+04   
        5.7512954448909541E+03         2.2935999242737624E+04   
        5.8816399610433909E+03         2.3218499242737649E+04   
        6.0135603183699122E+03         2.3500999242737704E+04   
        6.1473357702298499E+03         2.3783417284921332E+04   
        6.2821955279897047E+03         2.4065417284921368E+04   
        6.4181547237870982E+03         2.4347417284921332E+04   
        6.5548869797216885E+03         2.4629122098256583E+04   
        6.6915534639277093E+03         2.4910122098256634E+04   
        6.8286232695599801E+03         2.5191122098256656E+04   
        6.9680148922820135E+03         2.5472122098256699E+04   
        7.1099872522751284E+03         2.5753010151400875E+04   
        7.2540008278791738E+03         2.6033510151400831E+04   
        7.4004071136654711E+03         2.6314010151400798E+04   
        7.5482826661354948E+03         2.6594265461986452E+04   
        7.6982710423608833E+03         2.6873843663750067E+04   
        7.8500149995359998E+03         2.7153048786040090E+04   
        8.0028943817328236E+03         2.7431419383172724E+04   
        8.1563049105906011E+03         2.7708764030809871E+04   
        8.3091056301838726E+03         2.7985069491733830E+04   
        8.4622170887470238E+03         2.8260727315375509E+04   
        8.6153468054948371E+03         2.8536227315375541E+04   
        8.7697769508460478E+03         2.8811727315375534E+04   
        8.9255100852577234E+03         2.9086965413030659E+04   
        9.0818967383266590E+03         2.9361961397036292E+04   
        9.2387919337871826E+03         2.9636461397036270E+04   
        9.3959712891184099E+03         2.9910667800229086E+04   
        9.5545561236676804E+03         3.0184620914810137E+04   
        9.7139791185319900E+03         3.0458120914810148E+04   
        9.8750607133158228E+03         3.0731620914810141E+04   
        1.0038301118614962E+04         3.1005120914810173E+04   
        1.0203166480570868E+04         3.1278620914810217E+04   
        1.0369295322603133E+04         3.1551342503822481E+04   
        1.0535810194204283E+04         3.1823335339858862E+04   
        1.0703558813862634E+04         3.2094790729102726E+04   
        1.0872429666520293E+04         3.2365661489326194E+04   
        1.1040541465025131E+04         3.2634982990085722E+04   
        1.1209074670244165E+04         3.2903982990085715E+04   
        1.1378327371995963E+04         3.3172556905741469E+04   
        1.1548549041437624E+04         3.3440967139323206E+04   
        1.1718330588100238E+04         3.3708084494802883E+04   
        1.1890148887880734E+04         3.3974614142549457E+04   
        1.2063084267609573E+04         3.4240614142549457E+04   
        1.2237932739617780E+04         3.4506614142549537E+04   
        1.2413267281714661E+04         3.4772562803892324E+04   
        1.2588650281305094E+04         3.5037276841176630E+04   
        1.2764201510270745E+04         3.5301567208745379E+04   
        1.2940541507424918E+04         3.5565567208745379E+04   
        1.3117911463348306E+04         3.5829567208745248E+04   
        1.3295848676545369E+04         3.6093360877573381E+04   
        1.3474948951253806E+04         3.6356860877573410E+04   
        1.3656396141858568E+04         3.6620040598084299E+04   
        1.3838961886268247E+04         3.6882540598084219E+04   
        1.4022538705919129E+04         3.7144389577857532E+04   
        1.4207469890774017E+04         3.7405832784175247E+04   
        1.4393012725830375E+04         3.7666650244087039E+04   
        1.4580185794946081E+04         3.7927150244087017E+04   
        1.4767798261170918E+04         3.8187185219360137E+04   
        1.4955428579930032E+04         3.8446685219360144E+04   
        1.5144255354579242E+04         3.8706185219360304E+04   
        1.5333907342857650E+04         3.8965685219360268E+04   
        1.5524185672158435E+04         3.9224571224000036E+04   
        1.5715472343764033E+04         3.9482866156866883E+04   
        1.5909401808929897E+04         3.9740589141280972E+04   
        1.6103933844866731E+04         3.9996648224531164E+04   
        1.6299020578273823E+04         4.0251466462711309E+04   
        1.6494706132208219E+04         4.0505558974285661E+04   
        1.6692052250656154E+04         4.0759230537585914E+04   
        1.6890918672568001E+04         4.1012230537585841E+04   
        1.7090262165772718E+04         4.1264637749004978E+04   
        1.7289554759835257E+04         4.1515653895094765E+04   
        1.7489237228656471E+04         4.1766653895094685E+04   
        1.7689522933653418E+04         4.2017653895094736E+04   
        1.7891674710681149E+04         4.2268653895094700E+04   
        1.8094011712157328E+04         4.2518462484656979E+04   
        1.8297925860752744E+04         4.2766837642785104E+04   
        1.8502530232150581E+04         4.3014668561770261E+04   
        1.8706954807085021E+04         4.3261891354125437E+04   
        1.8911600154759752E+04         4.3508891354125422E+04   
        1.9116611502062082E+04         4.3755184150758061E+04   
        1.9322853304100674E+04         4.4000717086007724E+04   
        1.9531312076458518E+04         4.4246217086007709E+04   
        1.9740828055019454E+04         4.4491323640290844E+04   
        1.9950380096293433E+04         4.4735835793545732E+04   
        2.0159469398718680E+04         4.4978501314679117E+04   
        2.0368914024101923E+04         4.5220465882398094E+04   
        2.0578692844747569E+04         4.5461965882398101E+04   
        2.0789348844478503E+04         4.5702663434442344E+04   
        2.1000180772257994E+04         4.5942663434442249E+04   
        2.1212147102846560E+04         4.6182663434442227E+04   
        2.1424151396929476E+04         4.6422390863747802E+04   
        2.1637693429024519E+04         4.6661890863747845E+04   
        2.1852050333926189E+04         4.6901334582759118E+04   
        2.2067317106348230E+04         4.7139995813430280E+04   
        2.2283614211341508E+04         4.7378495813430221E+04   
        2.2501240851178260E+04         4.7616995813430265E+04   
        2.2719267435390091E+04         4.7855128192689161E+04   
        2.2938065505716655E+04         4.8092628192689190E+04   
        2.3157000217330948E+04         4.8329399468064126E+04   
        2.3375203942764958E+04         4.8565005044210127E+04   
        2.3593203942764962E+04         4.8800005044210084E+04   
        2.3810721527458612E+04         4.9034522628903207E+04   
        2.4028491948005405E+04         4.9268129153490707E+04   
        2.4246514866554218E+04         4.9501353549076543E+04   
        2.4464311790952026E+04         4.9734150473474416E+04   
        2.4681859923695316E+04         4.9965675313531938E+04   
        2.4899746518904929E+04         5.0196675313531930E+04   
        2.5118371685215094E+04         5.0427137710133873E+04   
        2.5336967049272604E+04         5.0657024937020535E+04   
        2.5555986059322771E+04         5.0886524937020418E+04   
        2.5776350653272551E+04         5.1116024937020389E+04   
        2.5997964468135608E+04         5.1345524937020273E+04   
        2.6221108368825753E+04         5.1574593477559676E+04   
        2.6444339747907452E+04         5.1802478918271547E+04   
        2.6668217888073657E+04         5.2029978557712639E+04   
        2.6894148833489497E+04         5.2256872902869931E+04   
        2.7122402317115473E+04         5.2483148164642553E+04   
        2.7351339092671493E+04         5.2709148164642567E+04   
        2.7581142483758023E+04         5.2935148164642655E+04   
        2.7810216679007157E+04         5.3160222359889543E+04   
        2.8038961363598766E+04         5.3384503498907259E+04   
        2.8268446872306678E+04         5.3608503498907223E+04   
        2.8499418834205877E+04         5.3832503498907325E+04   
        2.8731795842918236E+04         5.4056394873855897E+04   
        2.8964730605736073E+04         5.4279894873855897E+04   
        2.9198743623586382E+04         5.4502186739909383E+04   
        2.9433239301128862E+04         5.4724182417451906E+04   
        2.9667239488678151E+04         5.4945422113859400E+04   
        2.9901884353641955E+04         5.5166411882118839E+04   
        3.0136904846318295E+04         5.5386872087719967E+04   
        3.0372356221412789E+04         5.5606572025344118E+04   
        3.0609465673797033E+04         5.5825892463491218E+04   
        3.0846297215122129E+04         5.6044392463491211E+04   
        3.1084659119548956E+04         5.6262783320312636E+04   
        3.1323494238614621E+04         5.6480507440573405E+04   
        3.1560843763503541E+04         5.6696856759594884E+04   
        3.1797558931570416E+04         5.6912582581303068E+04   
        3.2034339859484153E+04         5.7128082581303068E+04   
        3.2272524280076806E+04         5.7343244741783739E+04   
        3.2511355865894307E+04         5.7557824786352823E+04   
        3.2751273851679245E+04         5.7771313620710927E+04   
        3.2990510062247609E+04         5.7983025698236183E+04   
        3.3230292265281081E+04         5.8194307901269625E+04   
        3.3470801636102064E+04         5.8405307901269669E+04   
        3.3711931227711531E+04         5.8615868941224551E+04   
        3.3954034492964682E+04         5.8825764633328174E+04   
        3.4196000903361964E+04         5.9034837022177315E+04   
        3.4437951111957984E+04         5.9243783984370879E+04   
        3.4679517031266521E+04         5.9451407275494494E+04   
        3.4921345926825052E+04         5.9658407275494494E+04   
        3.5162966801492294E+04         5.9864609550989015E+04   
        3.5404971751590623E+04         6.0070114500621923E+04   
        3.5646462797324726E+04         6.0274396031450407E+04   
        3.5889032261551692E+04         6.0477784795407279E+04   
        3.6132016095244297E+04         6.0680441309349299E+04   
        3.6375063281482042E+04         6.0882730895889181E+04   
        3.6618654355339473E+04         6.1084730895889188E+04   
        3.6862872415909274E+04         6.1286166371616935E+04   
        3.7108274398550660E+04         6.1486666371616957E+04   
        3.7355064756886110E+04         6.1687166371616964E+04   
        3.7601588394504062E+04         6.1887441137970527E+04   
        3.7849420064233709E+04         6.2087441137970498E+04   
        3.8097473034143106E+04         6.2286994107056722E+04   
        3.8345726006030054E+04         6.2486494107056758E+04   
        3.8595365078412346E+04         6.2685994107056686E+04   
        3.8845472847953490E+04         6.2884685556112629E+04   
        3.9095868736074262E+04         6.3083185556112585E+04   
        3.9347498247268988E+04         6.3281361481781489E+04   
        3.9599445588426141E+04         6.3479361481781445E+04   
        3.9854525666444053E+04         6.3677335243844020E+04   
        4.0110906974795842E+04         6.3874497497952310E+04   
        4.0367404391496930E+04         6.4069641653844701E+04   
        4.0625514468231966E+04         6.4264057125156840E+04   
        4.0883388714685047E+04         6.4457373298715800E+04   
        4.1142830848206642E+04         6.4650369127991835E+04   
        4.1402325704350660E+04         6.4842363728361386E+04   
        4.1661836654687875E+04         6.5033363728361415E+04   
        4.1921978869371422E+04         6.5224363728361452E+04   
        4.2183322832373102E+04         6.5414498507896817E+04   
        4.2447855771176190E+04         6.5603955984620727E+04   
        4.2714072862161564E+04         6.5792661772685256E+04   
        4.2981221401249823E+04         6.5980217976323183E+04   
        4.3250562280353530E+04         6.6166831833520991E+04   
        4.3522652308508521E+04         6.6352770868165142E+04   
        4.3796301574739555E+04         6.6538096880145327E+04   
        4.4070429156652157E+04         6.6722724462058293E+04   
        4.4345156241617784E+04         6.6906376813872586E+04   
        4.4621135727798202E+04         6.7089262337974695E+04   
        4.4897150087431968E+04         6.7270773503268443E+04   
        4.5172877917801561E+04         6.7451470685831198E+04   
        4.5450162120747897E+04         6.7631605254803260E+04   
        4.5729595640880289E+04         6.7811352975689399E+04   
        4.6011856181227107E+04         6.7990090934325592E+04   
        4.6294913511577019E+04         6.8168118312907944E+04   
        4.6579839618362872E+04         6.8345314818607148E+04   
        4.6867587666549953E+04         6.8521411197661117E+04   
        4.7156276900379919E+04         6.8696369908511828E+04   
        4.7446680692159585E+04         6.8870751192957949E+04   
        4.7737117664248428E+04         6.9043848934295704E+04   
        4.8027303062427134E+04         6.9215603998326740E+04   
        4.8317860740073549E+04         6.9386203688778245E+04   
        4.8607832154619020E+04         6.9555690035845822E+04   
        4.8896606775790708E+04         6.9723231084462270E+04   
        4.9184499731514043E+04         6.9889619802652829E+04   
        4.9472309874269355E+04         7.0055086295547473E+04   
        4.9761284186198056E+04         7.0219987609384669E+04   
        5.0050736003109349E+04         7.0384487609384581E+04   
        5.0341367355056922E+04         7.0548644720490818E+04   
        5.0634033246887586E+04         7.0712464403624195E+04   
        5.0928038503852855E+04         7.0875815366221155E+04   
        5.1223679182441454E+04         7.1038299381785007E+04   
        5.1520870175235068E+04         7.1199481337491379E+04   
        5.1818218930830619E+04         7.1359438662780449E+04   
        5.2115719300435318E+04         7.1518938662780434E+04   
        5.2413681846464453E+04         7.1678248713087771E+04   
        5.2713251632962572E+04         7.1836748713088105E+04   
        5.3013009079454874E+04         7.1995044583546915E+04   
        5.3311851464401552E+04         7.2152675044961623E+04   
        5.3610454075494199E+04         7.2308450920466901E+04   
        5.3909857790420079E+04         7.2462188438082027E+04   
        5.4211003906071739E+04         7.2615304234575524E+04   
        5.4513196396341751E+04         7.2768304234575509E+04   
        5.4816947688830041E+04         7.2921037952257073E+04   
        5.5121719614304035E+04         7.3073410447020942E+04   
        5.5427264817489660E+04         7.3224797312250623E+04   
        5.5735358655986667E+04         7.3375621221677036E+04   
        5.6044595507859653E+04         7.3525373648966503E+04   
        5.6353957695431272E+04         7.3673829265093926E+04   
        5.6664072587441551E+04         7.3821350100968091E+04   
        5.6974673700742351E+04         7.3968428287603150E+04   
        5.7286517936289900E+04         7.4115224857395413E+04   
        5.7598850694664419E+04         7.4261285518173638E+04   
        5.7911323629624363E+04         7.4407285518173521E+04   
        5.8225221629951920E+04         7.4553232941516224E+04   
        5.8539584433522949E+04         7.4698635996054363E+04   
        5.8853668430894424E+04         7.4843227979640360E+04   
        5.9168560836690252E+04         7.4987323937451147E+04   
        5.9483144012602723E+04         7.5129125642156010E+04   
        5.9799653226380018E+04         7.5270625642155603E+04   
        6.0118194254362112E+04         7.5411792408249137E+04   
        6.0438557435422532E+04         7.5552077706046213E+04   
        6.0759286711047775E+04         7.5690200403229290E+04   
        6.1078773455432362E+04         7.5825719532516785E+04   
        6.1398294249100305E+04         7.5959753067690108E+04   
        6.1718484115905616E+04         7.6093753067689933E+04   
        6.2040561484007121E+04         7.6227547907843589E+04   
        6.2363290055201040E+04         7.6360614885698145E+04   
        6.2687221418689522E+04         7.6493487812239924E+04   
        6.3011975638692900E+04         7.6625771640255552E+04   
        6.3337530094378402E+04         7.6756987743398829E+04   
        6.3663072577027611E+04         7.6887094811363262E+04   
        6.3989531985571186E+04         7.7016143867097649E+04   
        6.4317632779760723E+04         7.7145143867097780E+04   
        6.4646479326070927E+04         7.7273415549889207E+04   
        6.4975371121318443E+04         7.7400491054226834E+04   
        6.5304989833329288E+04         7.7527491054227037E+04   
        6.5635489924186404E+04         7.7654111626706799E+04   
        6.5966192561613585E+04         7.7779868860251911E+04   
        6.6298076726484462E+04         7.7905368860251998E+04   
        6.6632503772329786E+04         7.8030321746374670E+04   
        6.6966505165799856E+04         7.8154239605185518E+04   
        6.7300298935083236E+04         7.8277022677843474E+04   
        6.7633997014879089E+04         7.8398427407671217E+04   
        6.7968370824624435E+04         7.8518592124762683E+04   
        6.8303740724797404E+04         7.8638070748393133E+04   
        6.8640075125108240E+04         7.8756619352076144E+04   
        6.8977567284013407E+04         7.8875119352075679E+04   
        6.9315940807292151E+04         7.8993148984436571E+04   
        6.9655204653845489E+04         7.9110816118692208E+04   
        6.9995714417833136E+04         7.9227709813131820E+04   
        7.0338130451186735E+04         7.9344209813131703E+04   
        7.0681729989283340E+04         7.9460252027529059E+04   
        7.1026529287959507E+04         7.9575956525664340E+04   
        7.1374663341158739E+04         7.9691250965578598E+04   
        7.1721372020521740E+04         7.9804215866838262E+04   
        7.2066386933494927E+04         7.9915730243146420E+04   
        7.2410596992290171E+04         8.0026361189082105E+04   
        7.2753491071986515E+04         8.0134584711396397E+04   
        7.3096469806351379E+04         8.0241464374994277E+04   
        7.3440195555792205E+04         8.0347637704917739E+04   
        7.3784420352170637E+04         8.0452648889743898E+04   
        7.4130555389688350E+04         8.0557002733515590E+04   
        7.4477763475331667E+04         8.0660694088517237E+04   
        7.4825674863765220E+04         8.0763785364815078E+04   
        7.5174311382502419E+04         8.0865410314460983E+04   
        7.5525569142519336E+04         8.0965939841742642E+04   
        7.5877811473678768E+04         8.1066156964553855E+04   
        7.6231352700826712E+04         8.1166156964553767E+04   
        7.6586307534915395E+04         8.1265682170252519E+04   
        7.6941495324811680E+04         8.1364656340427740E+04   
        7.7297641931161605E+04         8.1463047109636740E+04   
        7.7655143749227791E+04         8.1560907293009979E+04   
        7.8011176310927418E+04         8.1656284834597682E+04   
        7.8367582988704526E+04         8.1750784834597696E+04   
        7.8724197841523899E+04         8.1844335419062525E+04   
        7.9080197906743007E+04         8.1937335419062540E+04   
        7.9436185373204338E+04         8.2030134596282747E+04   
        7.9791829655600784E+04         8.2122147912608067E+04   
        8.0147902167439461E+04         8.2213618642546789E+04   
        8.0503897125906791E+04         8.2303657915422620E+04   
        8.0860115442623210E+04         8.2392918776017395E+04   
        8.1216142358340512E+04         8.2481433490985495E+04   
        8.1572642358348356E+04         8.2569933490985510E+04   
        8.1931220876858555E+04         8.2656890127440580E+04   
        8.2289739015120882E+04         8.2741878306057915E+04   
        8.2648221047587314E+04         8.2825881808909209E+04   
        8.3006420551454285E+04         8.2908435525510999E+04   
        8.3365094795278972E+04         8.2990435525510780E+04   
        8.3725449290474338E+04         8.3072435525510547E+04   
        8.4088037932174062E+04         8.3153951068165421E+04   
        8.4452656553365305E+04         8.3235439221865483E+04   
        8.4817225363293328E+04         8.3315946881075812E+04   
        8.5182790352626558E+04         8.3395471201903390E+04   
        8.5548133249732651E+04         8.3473222016228829E+04   
        8.5912647502994747E+04         8.3549174051199370E+04   
        8.6277537231102266E+04         8.3624674051199589E+04   
        8.6644178269232405E+04         8.3700052886764359E+04   
        8.7011169759326120E+04         8.3774915797282010E+04   
        8.7379626328996979E+04         8.3849248041193612E+04   
        8.7749724526738952E+04         8.3923248041193656E+04   
        8.8120347040862878E+04         8.3996898475361726E+04   
        8.8490632435197607E+04         8.4068841631592804E+04   
        8.8861843069311144E+04         8.4139458334342577E+04   
        8.9233686407368557E+04         8.4209109286801278E+04   
        8.9606913920915700E+04         8.4278609286801438E+04   
        8.9980667270378064E+04         8.4347849792701163E+04   
        9.0355260125828790E+04         8.4416480252686917E+04   
        9.0732131986026623E+04         8.4484749518473996E+04   
        9.1110436925006259E+04         8.4552661104054176E+04   
        9.1488915101587889E+04         8.4619629380312341E+04   
        9.1867154820498792E+04         8.4685762257245544E+04   
        9.2247110732993358E+04         8.4751491836982343E+04   
        9.2628708388167521E+04         8.4816991836982605E+04   
        9.3011552140180545E+04         8.4882491836982706E+04   
        9.3396235694409246E+04         8.4947991836982561E+04   
        9.3781486734032442E+04         8.5013255838192141E+04   
        9.4167337991427499E+04         8.5078124072653329E+04   
        9.4554163045456589E+04         8.5142624072653358E+04   
        9.4941954019618948E+04         8.5206622427060967E+04   
        9.5331686118168960E+04         8.5269940378800267E+04   
        9.5722096026384330E+04         8.5331978335977241E+04   
        9.6112796141932093E+04         8.5392953929897165E+04   
        9.6504702852883463E+04         8.5453153019711637E+04   
        9.6896712464974495E+04         8.5511727982693745E+04   
        9.7288629030782307E+04         8.5569727982693788E+04   
        9.7681156877594229E+04         8.5627507068810737E+04   
        9.8074203075633821E+04         8.5684570711745473E+04   
        9.8466626120353831E+04         8.5741570711745138E+04   
        9.8859858946864726E+04         8.5797844238848877E+04   
        9.9254733443523728E+04         8.5853394310888092E+04   
        9.9650200983176430E+04         8.5906773725407518E+04   
        1.0004680082548140E+05         8.5959032042893858E+04   
        1.0044576011231431E+05         8.6010192004873083E+04   
        1.0084561608230710E+05         8.6060681493900003E+04   
        1.0124677419990502E+05         8.6110182586104056E+04   
        1.0164930375364781E+05         8.6158995952185593E+04   
        1.0205177982826655E+05         8.6206925434779361E+04   
        1.0245436148935967E+05         8.6253820622982530E+04   
        1.0285641741282289E+05         8.6299821458421138E+04   
        1.0325894924431865E+05         8.6345131500256233E+04   
        1.0366113257987869E+05         8.6389798238418545E+04   
        1.0406438595820157E+05         8.6434298238418865E+04   
        1.0446879464413645E+05         8.6478544005905220E+04   
        1.0487561000686247E+05         8.6522044005905307E+04   
        1.0528437335630800E+05         8.6565220186893945E+04   
        1.0569392608190989E+05         8.6608220186893857E+04   
        1.0610338118733682E+05         8.6650815220726421E+04   
        1.0651372521844212E+05         8.6692755485285365E+04   
        1.0692535384074894E+05         8.6734255485285525E+04   
        1.0733706033838788E+05         8.6775545786929186E+04   
        1.0774934047876688E+05         8.6816198363946081E+04   
        1.0816094567614488E+05         8.6855802966590461E+04   
        1.0857229987240826E+05         8.6894879583937072E+04   
        1.0898365133063990E+05         8.6933260900384310E+04   
        1.0939489693425740E+05         8.6970521789983366E+04   
        1.0980555735055276E+05         8.7007021789983337E+04   
        1.1021796854726305E+05         8.7043030847177273E+04   
        1.1063146403561744E+05         8.7078000592263023E+04   
        1.1104578247744933E+05         8.7111848066608567E+04   
        1.1145978402292995E+05         8.7144848066608713E+04   
        1.1187498532892235E+05         8.7177565657208179E+04   
        1.1229144786497077E+05         8.7209276569906346E+04   
        1.1270934606253461E+05         8.7240577341728334E+04   
        1.1312845888301526E+05         8.7271577341728596E+04   
        1.1355056099349071E+05         8.7302493745658852E+04   
        1.1397263813709412E+05         8.7332215129116172E+04   
        1.1439494898589471E+05         8.7361294609776640E+04   
        1.1481808485686198E+05         8.7389794609776567E+04   
        1.1524143530807681E+05         8.7418074690078254E+04   
        1.1566456826880404E+05         8.7445607652256265E+04   
        1.1608799296730004E+05         8.7471943027192363E+04   
        1.1651158496997665E+05         8.7497605355142165E+04   
        1.1693611206076625E+05         8.7522542670722949E+04   
        1.1736180465779561E+05         8.7546930521996750E+04   
        1.1778848902703078E+05         8.7570430521996881E+04   
        1.1821648518859020E+05         8.7593930521996823E+04   
        1.1864432274321455E+05         8.7617126270074354E+04   
        1.1907294204538730E+05         8.7639626270074252E+04   
        1.1950381676522446E+05         8.7662126270074266E+04   
        1.1993527326682021E+05         8.7684149736453575E+04   
        1.2036866488365619E+05         8.7706149736453561E+04   
        1.2080238090916196E+05         8.7727996061475002E+04   
        1.2123631363225309E+05         8.7748901508654308E+04   
        1.2167076184247725E+05         8.7768874683249582E+04   
        1.2210475052326250E+05         8.7788109759521234E+04   
        1.2253855740652971E+05         8.7806299910428832E+04   
        1.2297359626641886E+05         8.7823858335141296E+04   
        1.2340943749731703E+05         8.7840858335141224E+04   
        1.2384514357906106E+05         8.7857858335141194E+04   
        1.2428075510711531E+05         8.7874858335140991E+04   
        1.2471689435481754E+05         8.7891819902309202E+04   
        1.2515268512773617E+05         8.7908319902309289E+04   
        1.2558851320813895E+05         8.7924588208552319E+04   
        1.2602577747243788E+05         8.7940588208552435E+04   
        1.2646510769287661E+05         8.7956581480804700E+04   
        1.2690594537244622E+05         8.7971609201797139E+04   
        1.2734709827811042E+05         8.7986116159369398E+04   
        1.2778776212223167E+05         8.8000616159369296E+04   
        1.2822866037484985E+05         8.8015116159369252E+04   
        1.2867194895777000E+05         8.8029531912041624E+04   
        1.2911624463932298E+05         8.8043531912041697E+04   
        1.2956113052373876E+05         8.8057336866197802E+04   
        1.3000816929915819E+05         8.8070052073880477E+04   
        1.3045599924552467E+05         8.8082550614814856E+04   
        1.3090272935995582E+05         8.8094503262434009E+04   
        1.3134993470705868E+05         8.8106003262434111E+04   
        1.3179851756525139E+05         8.8117253410483347E+04   
        1.3224812087579619E+05         8.8127824368948583E+04   
        1.3269955047933117E+05         8.8138324368948583E+04   
        1.3315177387176358E+05         8.8148824368948655E+04   
        1.3360635136905740E+05         8.8159310184115486E+04   
        1.3406117543759264E+05         8.8168668120610848E+04   
        1.3451550211030449E+05         8.8176981403775048E+04   
        1.3497133946283386E+05         8.8184981403775048E+04   
        1.3542875648908765E+05         8.8192391944721618E+04   
        1.3588457358892629E+05         8.8198577732580554E+04   
        1.3633940455318836E+05         8.8204393518012279E+04   
        1.3679372899428074E+05         8.8209816111965716E+04   
        1.3724709855668849E+05         8.8214816111965687E+04   
        1.3770068175159962E+05         8.8219816111965949E+04   
        1.3815485129733244E+05         8.8224816111966182E+04   
        1.3860869155940058E+05         8.8229816111966400E+04   
        1.3906222012611557E+05         8.8234816111966386E+04   
        1.3951539597027682E+05         8.8239816111966560E+04   
        1.3997036886759766E+05         8.8244816111966458E+04   
        1.4042578310918249E+05         8.8249498219418165E+04   
        1.4088221790301579E+05         8.8253998219418296E+04   
        1.4133997374768613E+05         8.8258498219418194E+04   
        1.4179922438927204E+05         8.8262596602724181E+04   
        1.4225866789819929E+05         8.8266596602724356E+04   
        1.4271752374561079E+05         8.8270596602724399E+04   
        1.4317569144563319E+05         8.8274566479770016E+04   
        1.4363243596341443E+05         8.8277924375501272E+04   
        1.4409017310011591E+05         8.8280924375501127E+04   
        1.4454799277065325E+05         8.8283924375501068E+04   
        1.4500684795703983E+05         8.8286924375500967E+04   
        1.4546591990440828E+05         8.8289915017248932E+04   
        1.4592557135665105E+05         8.8292415017248932E+04   
        1.4638552990301637E+05         8.8294915017248888E+04   
        1.4684604509262647E+05         8.8297415017248888E+04   
        1.4730699754981461E+05         8.8299915017248626E+04   
        1.4776778608850125E+05         8.8302415017248612E+04   
        1.4822951268809527E+05         8.8304915017248728E+04   
        1.4869215962951732E+05         8.8307118985804220E+04   
        1.4915475176403881E+05         8.8309118985803958E+04   
        1.4961821515962874E+05         8.8311118985804133E+04   
        1.5008304907474801E+05         8.8313118985803987E+04   
        1.5054919536758040E+05         8.8315118985804031E+04   
        1.5101582655401263E+05         8.8317118985804031E+04   
        1.5148346810226378E+05         8.8319118985804234E+04   
        1.5195146802966480E+05         8.8321118985804336E+04   
        1.5242092743342384E+05         8.8322927450408766E+04   
        1.5289019944982798E+05         8.8324427450408723E+04   
        1.5336048463003174E+05         8.8325927450408606E+04   
        1.5382942654898198E+05         8.8327427450408679E+04   
        1.5429940108433997E+05         8.8328882142742717E+04   
        1.5476950349023673E+05         8.8329882142742645E+04   
        1.5523874031351128E+05         8.8330882142742892E+04   
        1.5570749446751684E+05         8.8331764617311303E+04   
        1.5617530825183375E+05         8.8332264617311419E+04   
        1.5664327707128992E+05         8.8332764617311244E+04   
        1.5711093582907913E+05         8.8333264617311434E+04   
        1.5757797953010211E+05         8.8333600180131194E+04   
        1.5804522035631374E+05         8.8333600180131194E+04   
        1.5851267190048998E+05         8.8333600180131194E+04   
        1.5898026058291967E+05         8.8333600180131194E+04   
        1.5944687302229766E+05         8.8333600180131194E+04   
        1.5991326133307131E+05         8.8333600180131194E+04   
        1.6038111960400004E+05         8.8333600180131194E+04   
        1.6085057492566560E+05         8.8333600180131194E+04   
        1.6132054505621758E+05         8.8333600180131194E+04   
        1.6179208167579389E+05         8.8333600180131194E+04   
        1.6226347729783287E+05         8.8333600180131194E+04   
        1.6273418261460526E+05         8.8333600180131194E+04   
        1.6320399212717864E+05         8.8333600180131194E+04   
        1.6367369447909694E+05         8.8333600180131194E+04   
        1.6414502912788137E+05         8.8333600180131194E+04   
        1.6461755460213809E+05         8.8333600180131194E+04   
        1.6508953530342254E+05         8.8333600180131194E+04   
        1.6556084174194385E+05         8.8333600180131194E+04   
        1.6603195722683705E+05         8.8333600180131194E+04   
        1.6650196335553619E+05         8.8333600180131194E+04   
        1.6697158248647183E+05         8.8333600180131194E+04   
        1.6744112783428634E+05         8.8333600180131194E+04   
        1.6790989220536902E+05         8.8333600180131194E+04   
        1.6837813148042126E+05         8.8333600180131194E+04   
        1.6884707845073770E+05         8.8333600180131194E+04   
        1.6931661021035232E+05         8.8333600180131194E+04   
        1.6978626283494232E+05         8.8333600180131194E+04   
        1.7025660636608434E+05         8.8333600180131194E+04   
        1.7072805038052690E+05         8.8333600180131194E+04   
        1.7119878803672374E+05         8.8333600180131194E+04   
        1.7167090423943798E+05         8.8333600180131194E+04   
        1.7214381257288068E+05         8.8333600180131194E+04   
        1.7261749011038832E+05         8.8333600180131194E+04   
        1.7309111830379735E+05         8.8333600180131194E+04   
        1.7356502966374240E+05         8.8333600180131194E+04   
        1.7403904222246583E+05         8.8333600180131194E+04   
        1.7451269742045205E+05         8.8333600180131194E+04   
        1.7498515186274872E+05         8.8333600180131194E+04   
        1.7545478221551990E+05         8.8333600180131194E+04   
        1.7592313495134489E+05         8.8333600180131194E+04   
        1.7639224999103972E+05         8.8333600180131194E+04   
        1.7686185291348613E+05         8.8333600180131194E+04   
        1.7733160890745505E+05         8.8333600180131194E+04   
        1.7780093380949408E+05         8.8333600180131194E+04   
        1.7827004847470441E+05         8.8333600180131194E+04   
        1.7874107843118120E+05         8.8333600180131194E+04   
        1.7921194259662737E+05         8.8333600180131194E+04   
        1.7968334174944213E+05         8.8333600180131194E+04   
        1.8015585053200918E+05         8.8333600180131194E+04   
        1.8062676881293330E+05         8.8333600180131194E+04   
        1.8109728986999823E+05         8.8333600180131194E+04   
        1.8156744198979752E+05         8.8333600180131194E+04   
        1.8203757497851163E+05         8.8333600180131194E+04   
        1.8250913439234029E+05         8.8333600180131194E+04   
        1.8298085954228058E+05         8.8333600180131194E+04   
        1.8345310035271724E+05         8.8333600180131194E+04   
        1.8392656273746511E+05         8.8333600180131194E+04   
        1.8440006188932044E+05         8.8333600180131194E+04   
        1.8487337949980906E+05         8.8333600180131194E+04   
        1.8534595041124220E+05         8.8333600180131194E+04   
        1.8581922919359556E+05         8.8333600180131194E+04   
        1.8629230962167578E+05         8.8333600180131194E+04   
        1.8676592918556868E+05         8.8333600180131194E+04   
        1.8724031145190037E+05         8.8333600180131194E+04   
        1.8771360057464827E+05         8.8333600180131194E+04   
        1.8818589105628422E+05         8.8333600180131194E+04   
        1.8865811643205240E+05         8.8333600180131194E+04   
        1.8913048910376724E+05         8.8333600180131194E+04   
        1.8960364415864256E+05         8.8333600180131194E+04   
        1.9007852012344025E+05         8.8333600180131194E+04   
        1.9055352857947379E+05         8.8333600180131194E+04   
        1.9102779452261343E+05         8.8333600180131194E+04   
        1.9150408519827123E+05         8.8333600180131194E+04   
        1.9198166141544288E+05         8.8333600180131194E+04   
        1.9245932525983560E+05         8.8333600180131194E+04   
        1.9293642424898487E+05         8.8333600180131194E+04   
        1.9341468346410186E+05         8.8333600180131194E+04   
        1.9389103573442803E+05         8.8333600180131194E+04   
        1.9436597043320441E+05         8.8333600180131194E+04   
        1.9483939493598649E+05         8.8333600180131194E+04   
        1.9531158538749433E+05         8.8333600180131194E+04   
        1.9578371047608682E+05         8.8333600180131194E+04   
        1.9625506241345918E+05         8.8333600180131194E+04   
        1.9672566980041430E+05         8.8333600180131194E+04   
        1.9719626762972437E+05         8.8333600180131194E+04   
        1.9766528204021085E+05         8.8333600180131194E+04   
        1.9813481268321362E+05         8.8333600180131194E+04   
        1.9860395415420321E+05         8.8333600180131194E+04   
        1.9907507240696903E+05         8.8333600180131194E+04   
        1.9954745560023672E+05         8.8333600180131194E+04   
        2.0002179589520002E+05         8.8333600180131194E+04   
        2.0049473531355814E+05         8.8333600180131194E+04   
        2.0096693257101162E+05         8.8333600180131194E+04   
        2.0143805548414256E+05         8.8333600180131194E+04   
        2.0190887491147403E+05         8.8333600180131194E+04   
        2.0238023361290572E+05         8.8333600180131194E+04   
        2.0285061728580284E+05         8.8333600180131194E+04   
        2.0332128901659444E+05         8.8333600180131194E+04   
        2.0379167082415125E+05         8.8333600180131194E+04   
        2.0426319660442960E+05         8.8333600180131194E+04   
        2.0473538593976066E+05         8.8333600180131194E+04   
        2.0520767432181651E+05         8.8333600180131194E+04   
        2.0567873071510409E+05         8.8333600180131194E+04   
        2.0614964770765154E+05         8.8333600180131194E+04   
        2.0662205312424648E+05         8.8333600180131194E+04   
        2.0709437282005660E+05         8.8333600180131194E+04   
        2.0756671251371049E+05         8.8333600180131194E+04   
        2.0803933296220555E+05         8.8333600180131194E+04   
        2.0851277665022298E+05         8.8333600180131194E+04   
        2.0898634499819498E+05         8.8333600180131194E+04   
        2.0945970205168033E+05         8.8333600180131194E+04   
        2.0993211878811716E+05         8.8333600180131194E+04   
        2.1040353858681486E+05         8.8333600180131194E+04   
        2.1087479852344032E+05         8.8333600180131194E+04   
        2.1134482323369267E+05         8.8333600180131194E+04   
        2.1181451550751438E+05         8.8333600180131194E+04   
        2.1228166884161971E+05         8.8333600180131194E+04   
        2.1274746357522462E+05         8.8333600180131194E+04   
        2.1321479868002760E+05         8.8333600180131194E+04   
        2.1368283935541430E+05         8.8333600180131194E+04   
        2.1415164655329214E+05         8.8333600180131194E+04   
        2.1462174957706485E+05         8.8333600180131194E+04   
        2.1509056541447839E+05         8.8333600180131194E+04   
        2.1555873248015391E+05         8.8333600180131194E+04   
        2.1602724721324432E+05         8.8333600180131194E+04   
        2.1649654948911842E+05         8.8333600180131194E+04   
        2.1696664530888697E+05         8.8333600180131194E+04   
        2.1743875485254024E+05         8.8333600180131194E+04   
        2.1791117684149346E+05         8.8333600180131194E+04   
        2.1838314168876025E+05         8.8333600180131194E+04   
        2.1885651635762476E+05         8.8333600180131194E+04   
        2.1933011844057412E+05         8.8333600180131194E+04   
        2.1980423766692917E+05         8.8333600180131194E+04   
        2.2027941998784736E+05         8.8333600180131194E+04   
        2.2075581091889448E+05         8.8333600180131194E+04   
        2.2123273789379085E+05         8.8333600180131194E+04   
        2.2170960241292813E+05         8.8333600180131194E+04   
        2.2218519326455859E+05         8.8333600180131194E+04   
        2.2265873979377843E+05         8.8333600180131194E+04   
        2.2313095156093134E+05         8.8333600180131194E+04   
        2.2360258636354367E+05         8.8333600180131194E+04   
        2.2407389021912485E+05         8.8333600180131194E+04   
        2.2454408139353411E+05         8.8333600180131194E+04   
        2.2501330760408359E+05         8.8333600180131194E+04   
        2.2548048282382870E+05         8.8333600180131194E+04   
        2.2594884240457491E+05         8.8333600180131194E+04   
        2.2641771972852992E+05         8.8333600180131194E+04   
        2.2688672008077652E+05         8.8333600180131194E+04   
        2.2735636081531513E+05         8.8333600180131194E+04   
        2.2782835756124737E+05         8.8333600180131194E+04   
        2.2830157167679712E+05         8.8333600180131194E+04   
        2.2877400944882192E+05         8.8333600180131194E+04   
        2.2924890391531945E+05         8.8333600180131194E+04   
        2.2972484732421977E+05         8.8333600180131194E+04   
        2.3020067484602070E+05         8.8333600180131194E+04   
        2.3067668623898271E+05         8.8333600180131194E+04   
        2.3115268905705906E+05         8.8333600180131194E+04   
        2.3162909422673320E+05         8.8333600180131194E+04   
        2.3210511189105108E+05         8.8333600180131194E+04   
        2.3258209984069763E+05         8.8333600180131194E+04   
        2.3305886127010087E+05         8.8333600180131194E+04   
        2.3353722294895403E+05         8.8333600180131194E+04   
        2.3401695268684637E+05         8.8333600180131194E+04   
        2.3449517716047235E+05         8.8333600180131194E+04   
        2.3497176988040059E+05         8.8333600180131194E+04   
        2.3544889642889201E+05         8.8333600180131194E+04   
        2.3592441223820677E+05         8.8333600180131194E+04   
        2.3640026573301494E+05         8.8333600180131194E+04   
        2.3687568895761151E+05         8.8333600180131194E+04   
        2.3734999496512412E+05         8.8333600180131194E+04   
        2.3782522400419507E+05         8.8333600180131194E+04   
        2.3830134400645120E+05         8.8333600180131194E+04   
        2.3877655447335044E+05         8.8333600180131194E+04   
        2.3925094557049987E+05         8.8333600180131194E+04   
        2.3972252063512622E+05         8.8333600180131194E+04   
        2.4019292677169101E+05         8.8333600180131194E+04   
        2.4066468626463856E+05         8.8333600180131194E+04   
        2.4113535382975117E+05         8.8333600180131194E+04   
        2.4160640800642752E+05         8.8333600180131194E+04   
        2.4207671537644713E+05         8.8333600180131194E+04   
        2.4254604564122675E+05         8.8333600180131194E+04   
        2.4301595993731642E+05         8.8333600180131194E+04   
        2.4348529983300931E+05         8.8333600180131194E+04   
        2.4395385203925797E+05         8.8333600180131194E+04   
        2.4442161663545109E+05         8.8333600180131194E+04   
        2.4488972510835648E+05         8.8333600180131194E+04   
        2.4535761336867680E+05         8.8333600180131194E+04   
        2.4582642793463112E+05         8.8333600180131194E+04   
        2.4629584721750070E+05         8.8333600180131194E+04   
        2.4676566466190506E+05         8.8333600180131194E+04   
        2.4723496810202859E+05         8.8333600180131194E+04   
        2.4770501894196006E+05         8.8333600180131194E+04   
        2.4817376662505034E+05         8.8333600180131194E+04   
        2.4864403124293865E+05         8.8333600180131194E+04   
        2.4911528990494765E+05         8.8333600180131194E+04   
        2.4958434715438008E+05         8.8333600180131194E+04   
        2.5005247941224606E+05         8.8333600180131194E+04   
        2.5052114512091523E+05         8.8333600180131194E+04   
        2.5099098206173111E+05         8.8333600180131194E+04   
        2.5145927133125026E+05         8.8333600180131194E+04   
        2.5192770101157977E+05         8.8333600180131194E+04   
        2.5239635894724767E+05         8.8333600180131194E+04   
        2.5286585894724718E+05         8.8333600180131194E+04   
        2.5333459491001221E+05         8.8333600180131194E+04   
        2.5380313954608658E+05         8.8333600180131194E+04   
        2.5427189031713814E+05         8.8333600180131194E+04   
        2.5474094030967305E+05         8.8333600180131194E+04   
        2.5521082263937948E+05         8.8333600180131194E+04   
        2.5568177938154640E+05         8.8333600180131194E+04   
        2.5615307468054717E+05         8.8333600180131194E+04   
        2.5662293775193384E+05         8.8333600180131194E+04   
        2.5709151820307921E+05         8.8333600180131194E+04   
        2.5755901838463172E+05         8.8333600180131194E+04   
        2.5802643737679219E+05         8.8333600180131194E+04   
        2.5849462507543954E+05         8.8333600180131194E+04   
        2.5896387726093826E+05         8.8333600180131194E+04   
        2.5943306475090006E+05         8.8333600180131194E+04   
        2.5990138088205585E+05         8.8333600180131194E+04   
        2.6037021871968752E+05         8.8333600180131194E+04   
        2.6083963142951392E+05         8.8333600180131194E+04   
        2.6130773780259443E+05         8.8333600180131194E+04   
        2.6177520154308603E+05         8.8333600180131194E+04   
        2.6224273893842770E+05         8.8333600180131194E+04   
        2.6270967491107230E+05         8.8333600180131194E+04   
        2.6317850944523246E+05         8.8333600180131194E+04   
        2.6364792848412949E+05         8.8333600180131194E+04   
        2.6411569064966793E+05         8.8333600180131194E+04   
        2.6458497569083457E+05         8.8333600180131194E+04   
        2.6505438896523108E+05         8.8333600180131194E+04   
        2.6552411980355368E+05         8.8333600180131194E+04   
        2.6599354588133493E+05         8.8333600180131194E+04   
        2.6646391151280410E+05         8.8333600180131194E+04   
        2.6693371158098552E+05         8.8333600180131194E+04   
        2.6740366098564694E+05         8.8333600180131194E+04   
        2.6787469807691372E+05         8.8333600180131194E+04   
        2.6834624459489522E+05         8.8333600180131194E+04   
        2.6881806622564927E+05         8.8333600180131194E+04   
        2.6929024813197693E+05         8.8333600180131194E+04   
        2.6976301229069324E+05         8.8333600180131194E+04   
        2.7023503997988702E+05         8.8333600180131194E+04   
        2.7070641860271350E+05         8.8333600180131194E+04   
        2.7117920046976325E+05         8.8333600180131194E+04   
        2.7165254093674972E+05         8.8333600180131194E+04   
        2.7212485759197612E+05         8.8333600180131194E+04   
        2.7259672485086042E+05         8.8333600180131194E+04   
        2.7306857373813144E+05         8.8333600180131194E+04   
        2.7353890270931512E+05         8.8333600180131194E+04   
        2.7400838954706793E+05         8.8333600180131194E+04   
        2.7447715283335460E+05         8.8333600180131194E+04   
        2.7494652659980708E+05         8.8333600180131194E+04   
        2.7541478354438284E+05         8.8333600180131194E+04   
        2.7588314479485521E+05         8.8333600180131194E+04   
        2.7635240818984032E+05         8.8333600180131194E+04   
        2.7682170247687073E+05         8.8333600180131194E+04   
        2.7729075002892961E+05         8.8333600180131194E+04   
        2.7776049575392832E+05         8.8333600180131194E+04   
        2.7823119660311873E+05         8.8333600180131194E+04   
        2.7870216568587150E+05         8.8333600180131194E+04   
        2.7917278563992144E+05         8.8333600180131194E+04   
        2.7964228264967148E+05         8.8333600180131194E+04   
        2.8011125942483789E+05         8.8333600180131194E+04   
        2.8057999453579274E+05         8.8333600180131194E+04   
        2.8104947802442434E+05         8.8333600180131194E+04   
        2.8151913467379258E+05         8.8333600180131194E+04   
        2.8198973322368576E+05         8.8333600180131194E+04   
        2.8245946377811622E+05         8.8333600180131194E+04   
        2.8292846329849580E+05         8.8333600180131194E+04   
        2.8339795519323571E+05         8.8333600180131194E+04   
        2.8386772423210792E+05         8.8333600180131194E+04   
        2.8433784056987352E+05         8.8333600180131194E+04   
        2.8480892193441215E+05         8.8333600180131194E+04   
        2.8527968146813003E+05         8.8333600180131194E+04   
        2.8575143572765979E+05         8.8333600180131194E+04   
        2.8622354878723418E+05         8.8333600180131194E+04   
        2.8669532753048866E+05         8.8333600180131194E+04   
        2.8716630690542830E+05         8.8333600180131194E+04   
        2.8763503261546389E+05         8.8333600180131194E+04   
        2.8810339946982777E+05         8.8333600180131194E+04   
        2.8857284473445179E+05         8.8333600180131194E+04   
        2.8904158527321677E+05         8.8333600180131194E+04   
        2.8950989947402052E+05         8.8333600180131194E+04   
        2.8997985623378796E+05         8.8333600180131194E+04   
        2.9045270987149136E+05         8.8333600180131194E+04   
        2.9092361585715390E+05         8.8333600180131194E+04   
        2.9139386362558173E+05         8.8333600180131194E+04   
        2.9186337910437695E+05         8.8333600180131194E+04   
        2.9233257326960732E+05         8.8333600180131194E+04   
        2.9280085027555394E+05         8.8333600180131194E+04   
        2.9326877685726498E+05         8.8333600180131194E+04   
        2.9373754311519244E+05         8.8333600180131194E+04   
        2.9420611495891958E+05         8.8333600180131194E+04   
        2.9467555920828291E+05         8.8333600180131194E+04   
        2.9514452080374322E+05         8.8333600180131194E+04   
        2.9561219978789793E+05         8.8333600180131194E+04   
        2.9607812245880486E+05         8.8333600180131194E+04   
        2.9654231447020045E+05         8.8333600180131194E+04   
        2.9700584642771952E+05         8.8333600180131194E+04   
        2.9747004773520440E+05         8.8333600180131194E+04   
        2.9793510496856103E+05         8.8333600180131194E+04   
        2.9840013681556063E+05         8.8333600180131194E+04   
        2.9886631520072580E+05         8.8333600180131194E+04   
        2.9933325291706028E+05         8.8333600180131194E+04   
        2.9980125486886501E+05         8.8333600180131194E+04   
        3.0026872979484207E+05         8.8333600180131194E+04   
        3.0073646251061471E+05         8.8333600180131194E+04   
        3.0120469619339338E+05         8.8333600180131194E+04   
        3.0167315871396300E+05         8.8333600180131194E+04   
        3.0214172126319358E+05         8.8333600180131194E+04   
        3.0260914282498835E+05         8.8333600180131194E+04   
        3.0307704796252650E+05         8.8333600180131194E+04   
        3.0354497035396966E+05         8.8333600180131194E+04   
        3.0401295395544835E+05         8.8333600180131194E+04   
        3.0448103476035380E+05         8.8333600180131194E+04   
        3.0494953979764110E+05         8.8333600180131194E+04   
        3.0541779452591325E+05         8.8333600180131194E+04   
        3.0588673623809550E+05         8.8333600180131194E+04   
        3.0635473159025708E+05         8.8333600180131194E+04   
        3.0682238052480906E+05         8.8333600180131194E+04   
        3.0728943565281091E+05         8.8333600180131194E+04   
        3.0775578921504773E+05         8.8333600180131194E+04   
        3.0822033349749108E+05         8.8333600180131194E+04   
        3.0868518596704362E+05         8.8333600180131194E+04   
        3.0915059857865650E+05         8.8333600180131194E+04   
        3.0961552350052254E+05         8.8333600180131194E+04   
        3.1008192065378983E+05         8.8333600180131194E+04   
        3.1054830987258302E+05         8.8333600180131194E+04   
        3.1101469116444472E+05         8.8333600180131194E+04   
        3.1148076690041419E+05         8.8333600180131194E+04   
        3.1194733756109764E+05         8.8333600180131194E+04   
        3.1241484137736511E+05         8.8333600180131194E+04   
        3.1288287987104047E+05         8.8333600180131194E+04   
        3.1335051851609303E+05         8.8333600180131194E+04   
        3.1381760505692649E+05         8.8333600180131194E+04   
        3.1428484003723500E+05         8.8333600180131194E+04   
        3.1475186652535782E+05         8.8333600180131194E+04   
        3.1521839961686556E+05         8.8333600180131194E+04   
        3.1568425310514175E+05         8.8333600180131194E+04   
        3.1614942812895420E+05         8.8333600180131194E+04   
        3.1661493835950003E+05         8.8333600180131194E+04   
        3.1708024989349878E+05         8.8333600180131194E+04   
        3.1754640325227304E+05         8.8333600180131194E+04   
        3.1801273058452841E+05         8.8333600180131194E+04   
        3.1847811955957918E+05         8.8333600180131194E+04   
        3.1894360128711961E+05         8.8333600180131194E+04   
        3.1940771674435464E+05         8.8333600180131194E+04   
        3.1987290044082899E+05         8.8333600180131194E+04   
        3.2033910089243256E+05         8.8333600180131194E+04   
        3.2080493990570185E+05         8.8333600180131194E+04   
        3.2127094056221325E+05         8.8333600180131194E+04   
        3.2173780437985755E+05         8.8333600180131194E+04   
        3.2220624207836465E+05         8.8333600180131194E+04   
        3.2267402102507954E+05         8.8333600180131194E+04   
        3.2314046830043051E+05         8.8333600180131194E+04   
        3.2360782953277492E+05         8.8333600180131194E+04   
        3.2407580874265783E+05         8.8333600180131194E+04   
        3.2454333223076863E+05         8.8333600180131194E+04   
        3.2500968909310829E+05         8.8333600180131194E+04   
        3.2547707280517020E+05         8.8333600180131194E+04   
        3.2594412473500369E+05         8.8333600180131194E+04   
        3.2641031019331090E+05         8.8333600180131194E+04   
        3.2687754924447270E+05         8.8333600180131194E+04   
        3.2734376739763358E+05         8.8333600180131194E+04   
        3.2780985799761902E+05         8.8333600180131194E+04   
        3.2827647406803543E+05         8.8333600180131194E+04   
        3.2874458354815969E+05         8.8333600180131194E+04   
        3.2921376911115902E+05         8.8333600180131194E+04   
        3.2968299096231669E+05         8.8333600180131194E+04   
        3.3015198742577934E+05         8.8333600180131194E+04   
        3.3062129963768233E+05         8.8333600180131194E+04   
        3.3109118496068509E+05         8.8333600180131194E+04   
        3.3156200653763855E+05         8.8333600180131194E+04   
        3.3203327655259345E+05         8.8333600180131194E+04   
        3.3250483713377477E+05         8.8333600180131194E+04   
        3.3297671679926477E+05         8.8333600180131194E+04   
        3.3345005788975867E+05         8.8333600180131194E+04   
        3.3392213821452728E+05         8.8333600180131194E+04   
        3.3439378094229090E+05         8.8333600180131194E+04   
        3.3486596233690536E+05         8.8333600180131194E+04   
        3.3533596528040408E+05         8.8333600180131194E+04   
        3.3580476048401848E+05         8.8333600180131194E+04   
        3.3627419568003586E+05         8.8333600180131194E+04   
        3.3674307498133543E+05         8.8333600180131194E+04   
        3.3721348513918865E+05         8.8333600180131194E+04   
        3.3768443580772600E+05         8.8333600180131194E+04   
        3.3815704155446944E+05         8.8333600180131194E+04   
        3.3863115905471606E+05         8.8333600180131194E+04   
        3.3910535850770149E+05         8.8333600180131194E+04   
        3.3957793775466474E+05         8.8333600180131194E+04   
        3.4005053532617225E+05         8.8333600180131194E+04   
        3.4052308756084589E+05         8.8333600180131194E+04   
        3.4099540170947695E+05         8.8333600180131194E+04   
        3.4146825491769111E+05         8.8333600180131194E+04   
        3.4193990335703391E+05         8.8333600180131194E+04   
        3.4241091049399809E+05         8.8333600180131194E+04   
        3.4288192496437719E+05         8.8333600180131194E+04   
        3.4335187974692322E+05         8.8333600180131194E+04   
        3.4382133630607760E+05         8.8333600180131194E+04   
        3.4429105350537645E+05         8.8333600180131194E+04   
        3.4476062327252550E+05         8.8333600180131194E+04   
        3.4523026799840538E+05         8.8333600180131194E+04   
        3.4569902100106142E+05         8.8333600180131194E+04   
        3.4616767291775881E+05         8.8333600180131194E+04   
        3.4663711706962303E+05         8.8333600180131194E+04   
        3.4710626317067718E+05         8.8333600180131194E+04   
        3.4757451700845268E+05         8.8333600180131194E+04   
        3.4804175396754651E+05         8.8333600180131194E+04   
        3.4850868524613109E+05         8.8333600180131194E+04   
        3.4897539286490489E+05         8.8333600180131194E+04   
        3.4944114041882107E+05         8.8333600180131194E+04   
        3.4990683615311084E+05         8.8333600180131194E+04   
        3.5037466407182359E+05         8.8333600180131194E+04   
        3.5084285698537296E+05         8.8333600180131194E+04   
        3.5131140642596717E+05         8.8333600180131194E+04   
        3.5178022480361606E+05         8.8333600180131194E+04   
        3.5224903331217205E+05         8.8333600180131194E+04   
        3.5271827979438106E+05         8.8333600180131194E+04   
        3.5318789134411729E+05         8.8333600180131194E+04   
        3.5365782029010181E+05         8.8333600180131194E+04   
        3.5412803640213754E+05         8.8333600180131194E+04   
        3.5459869177485094E+05         8.8333600180131194E+04   
        3.5506954215243936E+05         8.8333600180131194E+04   
        3.5553916019692976E+05         8.8333600180131194E+04   
        3.5600843428589503E+05         8.8333600180131194E+04   
        3.5647696830714284E+05         8.8333600180131194E+04   
        3.5694549672075151E+05         8.8333600180131194E+04   
        3.5741298761969630E+05         8.8333600180131194E+04   
        3.5788081836536486E+05         8.8333600180131194E+04   
        3.5834836998848332E+05         8.8333600180131194E+04   
        3.5881609476803336E+05         8.8333600180131194E+04   
        3.5928406806655135E+05         8.8333600180131194E+04   
        3.5975236960240413E+05         8.8333600180131194E+04   
        3.6022088885618997E+05         8.8333600180131194E+04   
        3.6069011070564418E+05         8.8333600180131194E+04   
        3.6115803090026177E+05         8.8333600180131194E+04   
        3.6162556919219100E+05         8.8333600180131194E+04   
        3.6209373866319907E+05         8.8333600180131194E+04   
        3.6256260463259119E+05         8.8333600180131194E+04   
        3.6303056877763249E+05         8.8333600180131194E+04   
        3.6349697117682057E+05         8.8333600180131194E+04   
        3.6396496179328021E+05         8.8333600180131194E+04   

